gen=0, rew_max=-159.00000000, rew_surv=-223.37500000, rew_learn=-383.60000000, time=0.5167, act_rndness=0.0050
Best performing matrix:
[[0 0 1 1 1 1 0 0 0 0 0 1 1 0 1 1 1]
 [0 0 0 0 1 1 1 1 1 1 1 0 1 1 1 0 0]
 [1 0 0 1 0 1 1 1 1 1 0 0 0 1 0 1 0]
 [1 0 1 0 0 0 0 1 0 1 1 0 1 0 0 0 1]
 [1 1 0 0 0 0 1 0 0 0 1 1 0 1 1 1 0]
 [1 1 1 0 0 0 0 0 1 1 0 1 0 1 0 0 0]
 [0 1 1 0 1 0 0 0 0 0 1 1 0 1 0 1 1]
 [0 1 1 1 0 0 0 0 1 1 1 0 0 0 0 1 1]
 [0 1 1 0 0 1 0 1 0 0 0 1 0 1 0 0 0]
 [0 1 1 1 0 1 0 1 0 0 1 0 0 1 1 0 0]
 [0 1 0 1 1 0 1 1 0 1 0 0 0 0 0 0 0]
 [1 0 0 0 1 1 1 0 1 0 0 0 0 0 0 1 1]
 [1 1 0 1 0 0 0 0 0 0 0 0 0 1 1 0 1]
 [0 1 1 0 1 1 1 0 1 1 0 0 1 0 0 1 0]
 [1 1 0 0 1 0 0 0 0 1 0 0 1 0 0 0 1]
 [1 0 1 0 1 0 1 1 0 0 0 1 0 1 0 0 0]
 [1 0 0 1 0 0 1 1 0 0 0 1 1 0 1 0 0]]

gen=200, rew_max=-37.00000000, rew_surv=-44.62500000, rew_learn=-110.50000000, time=0.2563, act_rndness=0.0190
Best performing matrix:
[[0 0 0 0 0 0 1 1 1 0 1 1 0 1 1 0 0]
 [0 0 1 1 0 1 1 1 1 0 1 1 0 0 1 1 0]
 [0 1 0 1 0 0 0 1 0 1 0 1 1 0 1 0 1]
 [0 1 1 0 0 1 0 0 1 1 0 1 1 0 0 0 1]
 [0 0 0 0 0 1 1 0 0 0 1 1 1 1 0 1 1]
 [0 1 0 1 1 0 0 0 1 1 1 0 0 1 0 0 0]
 [1 1 0 0 1 0 0 0 0 1 0 0 1 0 1 1 1]
 [1 1 1 0 0 0 0 0 1 1 1 1 1 0 0 1 1]
 [1 1 0 1 0 1 0 1 0 0 0 0 0 1 1 1 1]
 [0 0 1 1 0 1 1 1 0 0 1 1 0 1 0 1 1]
 [1 1 0 0 1 1 0 1 0 1 0 1 1 0 1 0 0]
 [1 1 1 1 1 0 0 1 0 1 1 0 0 0 0 0 0]
 [0 0 1 1 1 0 1 1 0 0 1 0 0 0 0 1 1]
 [1 0 0 0 1 1 0 0 1 1 0 0 0 0 1 1 0]
 [1 1 1 0 0 0 1 0 1 0 1 0 0 1 0 1 1]
 [0 1 0 0 1 0 1 1 1 1 0 0 1 1 1 0 0]
 [0 0 1 1 1 0 1 1 1 1 0 0 1 0 1 0 0]]

gen=400, rew_max=-7.00000000, rew_surv=-7.00000000, rew_learn=-7.00000000, time=0.2805, act_rndness=0.0067
Best performing matrix:
[[0 0 1 0 0 1 1 1 1 0 1 0 0 1 1 1 0]
 [0 0 1 1 0 1 0 0 0 0 1 1 1 1 0 1 0]
 [1 1 0 1 1 0 0 1 0 1 1 0 1 0 0 0 1]
 [0 1 1 0 1 0 1 0 1 0 0 1 1 1 0 0 1]
 [0 0 1 1 0 1 1 0 1 0 1 0 0 1 0 0 1]
 [1 1 0 0 1 0 0 0 0 0 1 1 1 0 1 1 1]
 [1 0 0 1 1 0 0 0 0 1 1 1 0 1 1 0 1]
 [1 0 1 0 0 0 0 0 1 1 0 1 1 0 1 1 0]
 [1 0 0 1 1 0 0 1 0 0 0 1 1 1 0 1 0]
 [0 0 1 0 0 0 1 1 0 0 1 1 1 0 1 0 1]
 [1 1 1 0 1 1 1 0 0 1 0 1 0 0 0 0 0]
 [0 1 0 1 0 1 1 1 1 1 1 0 0 0 0 1 0]
 [0 1 1 1 0 1 0 1 1 1 0 0 0 0 1 0 1]
 [1 1 0 1 1 0 1 0 1 0 0 0 0 0 1 1 0]
 [1 0 0 0 0 1 1 1 0 1 0 0 1 1 0 0 1]
 [1 1 0 0 0 1 0 1 1 0 0 1 0 1 0 0 1]
 [0 0 1 1 1 1 1 0 0 1 0 0 1 0 1 1 0]]

gen=600, rew_max=-5.00000000, rew_surv=-5.00000000, rew_learn=-5.00000000, time=0.2561, act_rndness=0.0190
Best performing matrix:
[[0 0 1 0 0 1 1 1 0 0 1 0 0 1 1 1 0]
 [0 0 1 1 0 1 0 0 0 1 1 1 1 1 0 1 0]
 [1 1 0 0 1 0 0 1 0 1 1 0 0 0 0 1 1]
 [0 1 0 0 1 0 1 0 1 0 0 1 1 1 0 0 1]
 [0 0 1 1 0 1 1 0 1 0 1 0 0 1 0 0 1]
 [1 1 0 0 1 0 0 0 0 0 1 1 1 0 1 1 1]
 [1 0 0 1 1 0 0 0 0 1 1 1 0 1 1 0 1]
 [1 0 1 0 0 0 0 0 1 1 0 1 1 0 1 1 0]
 [0 0 0 1 1 0 0 1 0 0 0 1 1 1 0 1 0]
 [0 1 1 0 0 0 1 1 0 0 1 1 1 0 1 0 1]
 [1 1 1 0 1 1 1 0 0 1 0 1 0 0 0 0 0]
 [0 1 0 1 0 1 1 1 1 1 1 0 0 0 0 1 0]
 [0 1 0 1 0 1 0 1 1 1 0 0 0 0 1 0 1]
 [1 1 0 1 1 0 1 0 1 0 0 0 0 0 1 1 0]
 [1 0 0 0 0 1 1 1 0 1 0 0 1 1 0 0 1]
 [1 1 1 0 0 1 0 1 1 0 0 1 0 1 0 0 1]
 [0 0 1 1 1 1 1 0 0 1 0 0 1 0 1 1 0]]

gen=800, rew_max=-4.00000000, rew_surv=-4.00000000, rew_learn=-4.00000000, time=0.2432, act_rndness=0.0278
Best performing matrix:
[[0 0 1 0 0 1 1 1 0 0 1 0 0 1 1 1 0]
 [0 0 0 1 0 1 0 0 0 1 1 1 1 1 0 1 0]
 [1 0 0 0 1 0 0 1 1 1 1 0 0 0 0 1 1]
 [0 1 0 0 1 0 1 0 1 0 0 1 1 1 0 0 1]
 [0 0 1 1 0 1 1 0 1 0 1 0 0 1 0 0 1]
 [1 1 0 0 1 0 0 0 0 0 1 1 1 0 1 1 1]
 [1 0 0 1 1 0 0 0 0 1 1 1 0 1 1 0 1]
 [1 0 1 0 0 0 0 0 1 1 0 1 1 0 1 1 0]
 [0 0 1 1 1 0 0 1 0 0 0 1 1 1 0 1 0]
 [0 1 1 0 0 0 1 1 0 0 1 1 1 0 1 0 1]
 [1 1 1 0 1 1 1 0 0 1 0 1 0 0 0 0 0]
 [0 1 0 1 0 1 1 1 1 1 1 0 0 0 0 1 0]
 [0 1 0 1 0 1 0 1 1 1 0 0 0 0 1 0 1]
 [1 1 0 1 1 0 1 0 1 0 0 0 0 0 1 1 0]
 [1 0 0 0 0 1 1 1 0 1 0 0 1 1 0 0 1]
 [1 1 1 0 0 1 0 1 1 0 0 1 0 1 0 0 1]
 [0 0 1 1 1 1 1 0 0 1 0 0 1 0 1 1 0]]

gen=1000, rew_max=-4.00000000, rew_surv=-4.00000000, rew_learn=-4.00000000, time=0.2450, act_rndness=0.1000
Best performing matrix:
[[0 1 1 0 0 1 1 1 0 0 1 0 0 1 1 1 0]
 [1 0 0 1 0 1 0 0 0 1 1 1 1 1 0 1 0]
 [1 0 0 0 1 0 0 1 1 1 1 0 0 0 0 1 1]
 [0 1 0 0 1 0 1 0 1 0 0 1 1 1 0 0 1]
 [0 0 1 1 0 1 1 0 1 0 1 0 0 1 0 0 1]
 [1 1 0 0 1 0 0 0 0 0 1 1 1 0 1 1 1]
 [1 0 0 1 1 0 0 0 0 1 1 1 0 1 1 0 1]
 [1 0 1 0 0 0 0 0 1 1 0 1 1 0 1 1 0]
 [0 0 1 1 1 0 0 1 0 0 0 1 1 1 0 1 0]
 [0 1 1 0 0 0 1 1 0 0 1 1 1 0 1 0 1]
 [1 1 1 0 1 1 1 0 0 1 0 1 0 0 0 0 0]
 [0 1 0 1 0 1 1 1 1 1 1 0 0 0 0 1 0]
 [0 1 0 1 0 1 0 1 1 1 0 0 0 0 1 0 1]
 [1 1 0 1 1 0 1 0 1 0 0 0 0 0 1 1 0]
 [1 0 0 0 0 1 1 1 0 1 0 0 1 1 0 0 1]
 [1 1 1 0 0 1 0 1 1 0 0 1 0 1 0 0 1]
 [0 0 1 1 1 1 1 0 0 1 0 0 1 0 1 1 0]]

gen=1200, rew_max=-4.00000000, rew_surv=-4.00000000, rew_learn=-4.00000000, time=0.2442, act_rndness=0.1000
Best performing matrix:
[[0 0 1 0 0 1 1 1 0 0 1 0 1 1 1 1 0]
 [0 0 0 1 0 1 0 0 0 1 1 1 1 1 0 1 0]
 [1 0 0 0 1 0 0 1 1 1 1 0 0 0 0 1 1]
 [0 1 0 0 1 0 1 0 1 0 0 1 1 1 0 0 1]
 [0 0 1 1 0 1 1 0 1 0 1 0 0 1 0 0 1]
 [1 1 0 0 1 0 0 0 0 0 1 1 1 0 1 1 1]
 [1 0 0 1 1 0 0 0 0 1 1 1 0 1 1 0 1]
 [1 0 1 0 0 0 0 0 1 1 0 1 1 0 1 1 0]
 [0 0 1 1 1 0 0 1 0 0 0 1 1 1 0 1 0]
 [0 1 1 0 0 0 1 1 0 0 1 1 1 0 1 0 1]
 [1 1 1 0 1 1 1 0 0 1 0 1 0 0 0 0 0]
 [0 1 0 1 0 1 1 1 1 1 1 0 0 0 0 1 0]
 [1 1 0 1 0 1 0 1 1 1 0 0 0 0 1 0 1]
 [1 1 0 1 1 0 1 0 1 0 0 0 0 0 1 1 0]
 [1 0 0 0 0 1 1 1 0 1 0 0 1 1 0 0 1]
 [1 1 1 0 0 1 0 1 1 0 0 1 0 1 0 0 1]
 [0 0 1 1 1 1 1 0 0 1 0 0 1 0 1 1 0]]

gen=1400, rew_max=-4.00000000, rew_surv=-4.00000000, rew_learn=-4.00000000, time=0.2435, act_rndness=0.1000
Best performing matrix:
[[0 0 1 0 0 1 1 1 0 0 1 0 0 1 1 1 0]
 [0 0 0 1 0 1 0 0 0 1 1 1 1 1 0 1 0]
 [1 0 0 0 1 0 0 1 1 1 1 0 0 0 0 1 1]
 [0 1 0 0 1 0 1 0 1 0 0 1 1 1 0 0 1]
 [0 0 1 1 0 1 1 0 1 0 1 0 0 1 0 0 1]
 [1 1 0 0 1 0 0 0 0 0 1 1 1 0 1 1 1]
 [1 0 0 1 1 0 0 0 0 1 1 1 0 1 1 0 1]
 [1 0 1 0 0 0 0 0 1 1 0 1 1 0 1 1 0]
 [0 0 1 1 1 0 0 1 0 0 0 1 1 1 0 1 0]
 [0 1 1 0 0 0 1 1 0 0 1 1 1 0 1 0 1]
 [1 1 1 0 1 1 1 0 0 1 0 1 0 0 0 0 0]
 [0 1 0 1 0 1 1 1 1 1 1 0 0 0 0 1 0]
 [0 1 0 1 0 1 0 1 1 1 0 0 0 0 1 0 1]
 [1 1 0 1 1 0 1 0 1 0 0 0 0 0 1 1 0]
 [1 0 0 0 0 1 1 1 0 1 0 0 1 1 0 0 1]
 [1 1 1 0 0 1 0 1 1 0 0 1 0 1 0 0 1]
 [0 0 1 1 1 1 1 0 0 1 0 0 1 0 1 1 0]]

gen=1600, rew_max=-1.00000000, rew_surv=-1.00000000, rew_learn=-1.00000000, time=0.2422, act_rndness=0.0061
Best performing matrix:
[[0 0 0 0 0 1 1 1 0 0 1 1 0 1 1 1 0]
 [0 0 0 1 0 1 0 0 1 1 1 1 1 1 0 1 0]
 [0 0 0 0 1 0 0 1 1 1 1 0 0 1 0 1 1]
 [0 1 0 0 1 0 1 0 1 0 0 1 1 1 0 0 1]
 [0 0 1 1 0 1 1 0 1 0 1 0 0 1 0 0 1]
 [1 1 0 0 1 0 0 0 0 0 1 0 1 0 1 1 1]
 [1 0 0 1 1 0 0 0 0 1 1 1 0 1 1 0 1]
 [1 0 1 0 0 0 0 0 1 1 0 1 1 0 1 1 0]
 [0 1 1 1 1 0 0 1 0 0 0 0 1 1 0 1 0]
 [0 1 1 0 0 0 1 1 0 0 1 1 1 0 1 0 1]
 [1 1 1 0 1 1 1 0 0 1 0 1 0 0 0 0 0]
 [1 1 0 1 0 0 1 1 0 1 1 0 0 0 0 1 0]
 [0 1 0 1 0 1 0 1 1 1 0 0 0 0 1 0 1]
 [1 1 1 1 1 0 1 0 1 0 0 0 0 0 1 1 0]
 [1 0 0 0 0 1 1 1 0 1 0 0 1 1 0 0 1]
 [1 1 1 0 0 1 0 1 1 0 0 1 0 1 0 0 1]
 [0 0 1 1 1 1 1 0 0 1 0 0 1 0 1 1 0]]

gen=1800, rew_max=-1.00000000, rew_surv=-1.00000000, rew_learn=-1.00000000, time=0.2441, act_rndness=0.0407
Best performing matrix:
[[0 0 0 0 0 1 1 1 0 0 1 1 0 1 1 1 0]
 [0 0 0 1 0 1 0 0 1 1 1 1 1 1 0 1 0]
 [0 0 0 0 1 0 0 1 1 1 1 0 0 1 0 1 1]
 [0 1 0 0 1 0 1 0 1 0 0 1 1 1 0 0 1]
 [0 0 1 1 0 1 1 0 1 0 1 0 0 1 0 0 1]
 [1 1 0 0 1 0 0 0 0 0 1 0 1 0 1 1 1]
 [1 0 0 1 1 0 0 0 0 1 1 1 0 1 1 0 1]
 [1 0 1 0 0 0 0 0 1 1 0 1 1 0 1 1 0]
 [0 1 1 1 1 0 0 1 0 0 0 0 1 1 0 1 0]
 [0 1 1 0 0 0 1 1 0 0 1 1 1 0 1 0 1]
 [1 1 1 0 1 1 1 0 0 1 0 1 0 0 0 0 0]
 [1 1 0 1 0 0 1 1 0 1 1 0 0 0 0 1 0]
 [0 1 0 1 0 1 0 1 1 1 0 0 0 0 1 0 1]
 [1 1 1 1 1 0 1 0 1 0 0 0 0 0 1 1 0]
 [1 0 0 0 0 1 1 1 0 1 0 0 1 1 0 0 1]
 [1 1 1 0 0 1 0 1 1 0 0 1 0 1 0 0 1]
 [0 0 1 1 1 1 1 0 0 1 0 0 1 0 1 1 0]]

gen=2000, rew_max=-1.00000000, rew_surv=-1.00000000, rew_learn=-1.00000000, time=0.2424, act_rndness=0.1000
Best performing matrix:
[[0 0 0 0 0 1 1 1 0 0 1 1 0 1 1 1 0]
 [0 0 0 1 0 1 0 0 1 1 1 1 1 1 0 1 0]
 [0 0 0 0 1 0 0 1 1 1 1 0 0 1 0 1 1]
 [0 1 0 0 1 0 1 0 1 0 0 1 1 1 0 0 1]
 [0 0 1 1 0 1 1 0 1 0 1 0 0 1 0 0 1]
 [1 1 0 0 1 0 0 0 0 0 1 0 1 0 1 1 1]
 [1 0 0 1 1 0 0 0 0 1 1 1 0 1 1 0 1]
 [1 0 1 0 0 0 0 0 1 1 0 1 1 0 1 1 0]
 [0 1 1 1 1 0 0 1 0 0 0 0 1 1 0 1 0]
 [0 1 1 0 0 0 1 1 0 0 1 1 1 0 1 0 1]
 [1 1 1 0 1 1 1 0 0 1 0 1 0 0 0 0 0]
 [1 1 0 1 0 0 1 1 0 1 1 0 0 0 0 1 0]
 [0 1 0 1 0 1 0 1 1 1 0 0 0 0 1 0 1]
 [1 1 1 1 1 0 1 0 1 0 0 0 0 0 1 1 0]
 [1 0 0 0 0 1 1 1 0 1 0 0 1 1 0 0 1]
 [1 1 1 0 0 1 0 1 1 0 0 1 0 1 0 0 1]
 [0 0 1 1 1 1 1 0 0 1 0 0 1 0 1 1 0]]

gen=2200, rew_max=-1.00000000, rew_surv=-1.00000000, rew_learn=-1.00000000, time=0.2456, act_rndness=0.1000
Best performing matrix:
[[0 0 0 0 0 1 1 1 0 0 1 1 0 1 1 1 0]
 [0 0 0 1 0 1 0 0 1 1 1 1 1 1 0 1 0]
 [0 0 0 0 1 0 0 1 1 1 1 0 0 1 0 1 1]
 [0 1 0 0 1 0 1 0 1 0 0 1 1 1 0 0 1]
 [0 0 1 1 0 1 1 0 1 0 1 0 0 1 0 0 1]
 [1 1 0 0 1 0 0 0 0 0 1 0 1 0 1 1 1]
 [1 0 0 1 1 0 0 0 0 1 1 1 0 1 1 0 1]
 [1 0 1 0 0 0 0 0 1 1 0 1 1 0 1 1 0]
 [0 1 1 1 1 0 0 1 0 0 0 0 1 1 0 1 0]
 [0 1 1 0 0 0 1 1 0 0 1 1 1 0 1 0 1]
 [1 1 1 0 1 1 1 0 0 1 0 1 0 0 0 0 0]
 [1 1 0 1 0 0 1 1 0 1 1 0 0 0 0 1 0]
 [0 1 0 1 0 1 0 1 1 1 0 0 0 0 1 0 1]
 [1 1 1 1 1 0 1 0 1 0 0 0 0 0 1 1 0]
 [1 0 0 0 0 1 1 1 0 1 0 0 1 1 0 0 1]
 [1 1 1 0 0 1 0 1 1 0 0 1 0 1 0 0 1]
 [0 0 1 1 1 1 1 0 0 1 0 0 1 0 1 1 0]]

gen=2400, rew_max=-1.00000000, rew_surv=-1.00000000, rew_learn=-1.00000000, time=0.2448, act_rndness=0.1000
Best performing matrix:
[[0 0 0 0 0 1 1 1 0 0 1 1 0 1 1 1 0]
 [0 0 0 1 0 1 0 0 1 1 1 1 1 1 0 1 0]
 [0 0 0 0 1 0 0 1 1 1 1 0 0 1 0 1 1]
 [0 1 0 0 1 0 1 0 1 0 0 1 1 1 0 0 1]
 [0 0 1 1 0 1 1 0 1 0 1 0 0 1 0 0 1]
 [1 1 0 0 1 0 0 0 0 0 1 0 1 0 1 1 1]
 [1 0 0 1 1 0 0 0 0 1 1 1 0 1 1 0 1]
 [1 0 1 0 0 0 0 0 1 1 0 1 1 0 1 1 0]
 [0 1 1 1 1 0 0 1 0 0 0 0 1 1 0 1 0]
 [0 1 1 0 0 0 1 1 0 0 1 1 1 0 1 0 1]
 [1 1 1 0 1 1 1 0 0 1 0 1 0 0 0 0 0]
 [1 1 0 1 0 0 1 1 0 1 1 0 0 0 0 1 0]
 [0 1 0 1 0 1 0 1 1 1 0 0 0 0 1 0 1]
 [1 1 1 1 1 0 1 0 1 0 0 0 0 0 1 1 0]
 [1 0 0 0 0 1 1 1 0 1 0 0 1 1 0 0 1]
 [1 1 1 0 0 1 0 1 1 0 0 1 0 1 0 0 1]
 [0 0 1 1 1 1 1 0 0 1 0 0 1 0 1 1 0]]

gen=2600, rew_max=-1.00000000, rew_surv=-1.00000000, rew_learn=-1.00000000, time=0.2403, act_rndness=0.1000
Best performing matrix:
[[0 0 0 0 0 1 1 1 0 0 1 1 0 1 1 1 0]
 [0 0 0 1 0 1 0 0 1 1 1 1 1 1 0 1 0]
 [0 0 0 0 1 0 0 1 1 1 1 0 0 1 0 1 1]
 [0 1 0 0 1 0 1 0 1 0 0 1 1 1 0 0 1]
 [0 0 1 1 0 1 1 0 1 0 1 0 0 1 0 0 1]
 [1 1 0 0 1 0 0 0 0 0 1 0 1 0 1 1 1]
 [1 0 0 1 1 0 0 0 0 1 1 1 0 1 1 0 1]
 [1 0 1 0 0 0 0 0 1 1 0 1 1 0 1 1 0]
 [0 1 1 1 1 0 0 1 0 0 0 0 1 1 0 1 0]
 [0 1 1 0 0 0 1 1 0 0 1 1 1 0 1 0 1]
 [1 1 1 0 1 1 1 0 0 1 0 1 0 0 0 0 0]
 [1 1 0 1 0 0 1 1 0 1 1 0 0 0 0 1 0]
 [0 1 0 1 0 1 0 1 1 1 0 0 0 0 1 0 1]
 [1 1 1 1 1 0 1 0 1 0 0 0 0 0 1 1 0]
 [1 0 0 0 0 1 1 1 0 1 0 0 1 1 0 0 1]
 [1 1 1 0 0 1 0 1 1 0 0 1 0 1 0 0 1]
 [0 0 1 1 1 1 1 0 0 1 0 0 1 0 1 1 0]]

gen=2800, rew_max=-1.00000000, rew_surv=-1.00000000, rew_learn=-1.00000000, time=0.2457, act_rndness=0.1000
Best performing matrix:
[[0 0 0 0 0 1 1 1 0 0 1 1 0 1 1 1 0]
 [0 0 0 1 0 1 0 0 1 1 1 1 1 1 0 1 0]
 [0 0 0 0 1 0 0 1 1 1 1 0 0 1 0 1 1]
 [0 1 0 0 1 0 1 0 1 0 0 1 1 1 0 0 1]
 [0 0 1 1 0 1 1 0 1 0 1 0 0 1 0 0 1]
 [1 1 0 0 1 0 0 0 0 0 1 0 1 0 1 1 1]
 [1 0 0 1 1 0 0 0 0 1 1 1 0 1 1 0 1]
 [1 0 1 0 0 0 0 0 1 1 0 1 1 0 1 1 0]
 [0 1 1 1 1 0 0 1 0 0 0 0 1 1 0 1 0]
 [0 1 1 0 0 0 1 1 0 0 1 1 1 0 1 0 1]
 [1 1 1 0 1 1 1 0 0 1 0 1 0 0 0 0 0]
 [1 1 0 1 0 0 1 1 0 1 1 0 0 0 0 1 0]
 [0 1 0 1 0 1 0 1 1 1 0 0 0 0 1 0 1]
 [1 1 1 1 1 0 1 0 1 0 0 0 0 0 1 1 0]
 [1 0 0 0 0 1 1 1 0 1 0 0 1 1 0 0 1]
 [1 1 1 0 0 1 0 1 1 0 0 1 0 1 0 0 1]
 [0 0 1 1 1 1 1 0 0 1 0 0 1 0 1 1 0]]

gen=3000, rew_max=-1.00000000, rew_surv=-1.00000000, rew_learn=-1.00000000, time=0.2494, act_rndness=0.1000
Best performing matrix:
[[0 0 0 0 0 1 1 1 0 0 1 1 0 1 1 1 0]
 [0 0 0 1 0 1 0 0 1 1 1 1 1 1 0 1 0]
 [0 0 0 0 1 0 0 1 1 1 1 0 0 1 0 1 1]
 [0 1 0 0 1 0 1 0 1 0 0 1 1 1 0 0 1]
 [0 0 1 1 0 1 1 0 1 0 1 0 0 1 0 0 1]
 [1 1 0 0 1 0 0 0 0 0 1 0 1 0 1 1 1]
 [1 0 0 1 1 0 0 0 0 1 1 1 0 1 1 0 1]
 [1 0 1 0 0 0 0 0 1 1 0 1 1 0 1 1 0]
 [0 1 1 1 1 0 0 1 0 0 0 0 1 1 0 1 0]
 [0 1 1 0 0 0 1 1 0 0 1 1 1 0 1 0 1]
 [1 1 1 0 1 1 1 0 0 1 0 1 0 0 0 0 0]
 [1 1 0 1 0 0 1 1 0 1 1 0 0 0 0 1 0]
 [0 1 0 1 0 1 0 1 1 1 0 0 0 0 1 0 1]
 [1 1 1 1 1 0 1 0 1 0 0 0 0 0 1 1 0]
 [1 0 0 0 0 1 1 1 0 1 0 0 1 1 0 0 1]
 [1 1 1 0 0 1 0 1 1 0 0 1 0 1 0 0 1]
 [0 0 1 1 1 1 1 0 0 1 0 0 1 0 1 1 0]]

gen=3200, rew_max=-1.00000000, rew_surv=-1.00000000, rew_learn=-1.00000000, time=0.2505, act_rndness=0.1000
Best performing matrix:
[[0 0 0 0 0 1 1 1 0 0 1 1 0 1 1 1 0]
 [0 0 0 1 0 1 0 0 1 1 1 1 1 1 0 1 0]
 [0 0 0 0 1 0 0 1 1 1 1 0 0 1 0 1 1]
 [0 1 0 0 1 0 1 0 1 0 0 1 1 1 0 0 1]
 [0 0 1 1 0 1 1 0 1 0 1 0 0 1 0 0 1]
 [1 1 0 0 1 0 0 0 0 0 1 0 1 0 1 1 1]
 [1 0 0 1 1 0 0 0 0 1 1 1 0 1 1 0 1]
 [1 0 1 0 0 0 0 0 1 1 0 1 1 0 1 1 0]
 [0 1 1 1 1 0 0 1 0 0 0 0 1 1 0 1 0]
 [0 1 1 0 0 0 1 1 0 0 1 1 1 0 1 0 1]
 [1 1 1 0 1 1 1 0 0 1 0 1 0 0 0 0 0]
 [1 1 0 1 0 0 1 1 0 1 1 0 0 0 0 1 0]
 [0 1 0 1 0 1 0 1 1 1 0 0 0 0 1 0 1]
 [1 1 1 1 1 0 1 0 1 0 0 0 0 0 1 1 0]
 [1 0 0 0 0 1 1 1 0 1 0 0 1 1 0 0 1]
 [1 1 1 0 0 1 0 1 1 0 0 1 0 1 0 0 1]
 [0 0 1 1 1 1 1 0 0 1 0 0 1 0 1 1 0]]

gen=3400, rew_max=-1.00000000, rew_surv=-1.00000000, rew_learn=-1.00000000, time=0.2408, act_rndness=0.1000
Best performing matrix:
[[0 0 0 0 0 1 1 1 0 0 1 1 0 1 1 1 0]
 [0 0 0 1 0 1 0 0 1 1 1 1 1 1 0 1 0]
 [0 0 0 0 1 0 0 1 1 1 1 0 0 1 0 1 1]
 [0 1 0 0 1 0 1 0 1 0 0 1 1 1 0 0 1]
 [0 0 1 1 0 1 1 0 1 0 1 0 0 1 0 0 1]
 [1 1 0 0 1 0 0 0 0 0 1 0 1 0 1 1 1]
 [1 0 0 1 1 0 0 0 0 1 1 1 0 1 1 0 1]
 [1 0 1 0 0 0 0 0 1 1 0 1 1 0 1 1 0]
 [0 1 1 1 1 0 0 1 0 0 0 0 1 1 0 1 0]
 [0 1 1 0 0 0 1 1 0 0 1 1 1 0 1 0 1]
 [1 1 1 0 1 1 1 0 0 1 0 1 0 0 0 0 0]
 [1 1 0 1 0 0 1 1 0 1 1 0 0 0 0 1 0]
 [0 1 0 1 0 1 0 1 1 1 0 0 0 0 1 0 1]
 [1 1 1 1 1 0 1 0 1 0 0 0 0 0 1 1 0]
 [1 0 0 0 0 1 1 1 0 1 0 0 1 1 0 0 1]
 [1 1 1 0 0 1 0 1 1 0 0 1 0 1 0 0 1]
 [0 0 1 1 1 1 1 0 0 1 0 0 1 0 1 1 0]]

gen=3600, rew_max=-1.00000000, rew_surv=-1.00000000, rew_learn=-1.00000000, time=0.2469, act_rndness=0.1000
Best performing matrix:
[[0 0 0 0 0 1 1 1 0 0 1 1 0 1 1 1 0]
 [0 0 0 1 0 1 0 0 1 1 1 1 1 1 0 1 0]
 [0 0 0 0 1 0 0 1 1 1 1 0 0 1 0 1 1]
 [0 1 0 0 1 0 1 0 1 0 0 1 1 1 0 0 1]
 [0 0 1 1 0 1 1 0 1 0 1 0 0 1 0 0 1]
 [1 1 0 0 1 0 0 0 0 0 1 0 1 0 1 1 1]
 [1 0 0 1 1 0 0 0 0 1 1 1 0 1 1 0 1]
 [1 0 1 0 0 0 0 0 1 1 0 1 1 0 1 1 0]
 [0 1 1 1 1 0 0 1 0 0 0 0 1 1 0 1 0]
 [0 1 1 0 0 0 1 1 0 0 1 1 1 0 1 0 1]
 [1 1 1 0 1 1 1 0 0 1 0 1 0 0 0 0 0]
 [1 1 0 1 0 0 1 1 0 1 1 0 0 0 0 1 0]
 [0 1 0 1 0 1 0 1 1 1 0 0 0 0 1 0 1]
 [1 1 1 1 1 0 1 0 1 0 0 0 0 0 1 1 0]
 [1 0 0 0 0 1 1 1 0 1 0 0 1 1 0 0 1]
 [1 1 1 0 0 1 0 1 1 0 0 1 0 1 0 0 1]
 [0 0 1 1 1 1 1 0 0 1 0 0 1 0 1 1 0]]

gen=3800, rew_max=-1.00000000, rew_surv=-1.00000000, rew_learn=-1.00000000, time=0.2387, act_rndness=0.1000
Best performing matrix:
[[0 0 0 0 0 1 1 1 0 0 1 1 0 1 1 1 0]
 [0 0 0 1 0 1 0 0 1 1 1 1 1 1 0 1 0]
 [0 0 0 0 1 0 0 1 1 1 1 0 0 1 0 1 1]
 [0 1 0 0 1 0 1 0 1 0 0 1 1 1 0 0 1]
 [0 0 1 1 0 1 1 0 1 0 1 0 0 1 0 0 1]
 [1 1 0 0 1 0 0 0 0 0 1 0 1 0 1 1 1]
 [1 0 0 1 1 0 0 0 0 1 1 1 0 1 1 0 1]
 [1 0 1 0 0 0 0 0 1 1 0 1 1 0 1 1 0]
 [0 1 1 1 1 0 0 1 0 0 0 0 1 1 0 1 0]
 [0 1 1 0 0 0 1 1 0 0 1 1 1 0 1 0 1]
 [1 1 1 0 1 1 1 0 0 1 0 1 0 0 0 0 0]
 [1 1 0 1 0 0 1 1 0 1 1 0 0 0 0 1 0]
 [0 1 0 1 0 1 0 1 1 1 0 0 0 0 1 0 1]
 [1 1 1 1 1 0 1 0 1 0 0 0 0 0 1 1 0]
 [1 0 0 0 0 1 1 1 0 1 0 0 1 1 0 0 1]
 [1 1 1 0 0 1 0 1 1 0 0 1 0 1 0 0 1]
 [0 0 1 1 1 1 1 0 0 1 0 0 1 0 1 1 0]]

gen=4000, rew_max=-1.00000000, rew_surv=-1.00000000, rew_learn=-1.00000000, time=0.2404, act_rndness=0.1000
Best performing matrix:
[[0 0 0 0 0 1 1 1 0 0 1 1 0 1 1 1 0]
 [0 0 0 1 0 1 0 0 1 1 1 1 1 1 0 1 0]
 [0 0 0 0 1 0 0 1 1 1 1 0 0 1 0 1 1]
 [0 1 0 0 1 0 1 0 1 0 0 1 1 1 0 0 1]
 [0 0 1 1 0 1 1 0 1 0 1 0 0 1 0 0 1]
 [1 1 0 0 1 0 0 0 0 0 1 0 1 0 1 1 1]
 [1 0 0 1 1 0 0 0 0 1 1 1 0 1 1 0 1]
 [1 0 1 0 0 0 0 0 1 1 0 1 1 0 1 1 0]
 [0 1 1 1 1 0 0 1 0 0 0 0 1 1 0 1 0]
 [0 1 1 0 0 0 1 1 0 0 1 1 1 0 1 0 1]
 [1 1 1 0 1 1 1 0 0 1 0 1 0 0 0 0 0]
 [1 1 0 1 0 0 1 1 0 1 1 0 0 0 0 1 0]
 [0 1 0 1 0 1 0 1 1 1 0 0 0 0 1 0 1]
 [1 1 1 1 1 0 1 0 1 0 0 0 0 0 1 1 0]
 [1 0 0 0 0 1 1 1 0 1 0 0 1 1 0 0 1]
 [1 1 1 0 0 1 0 1 1 0 0 1 0 1 0 0 1]
 [0 0 1 1 1 1 1 0 0 1 0 0 1 0 1 1 0]]

gen=4200, rew_max=0.00000000, rew_surv=0.00000000, rew_learn=0.00000000, time=0.2384, act_rndness=0.0107
Best performing matrix:
[[0 0 0 0 0 1 1 1 0 0 1 1 0 1 1 1 0]
 [0 0 0 1 0 1 0 0 1 1 1 1 1 1 0 1 0]
 [0 0 0 0 1 0 0 1 1 1 1 0 0 1 0 1 1]
 [0 1 0 0 1 0 1 0 0 0 0 1 1 1 0 1 1]
 [0 0 1 1 0 1 1 0 1 0 1 0 0 1 0 0 1]
 [1 1 0 0 1 0 0 0 1 0 1 0 1 0 1 1 1]
 [1 0 0 1 1 0 0 0 0 1 1 1 0 1 1 0 1]
 [1 0 1 0 0 0 0 0 1 1 0 1 1 0 1 1 0]
 [0 1 1 0 1 1 0 1 0 0 1 0 1 1 0 0 0]
 [0 1 1 0 0 0 1 1 0 0 1 1 1 0 1 0 1]
 [1 1 1 0 1 1 1 0 1 1 0 1 0 0 0 0 0]
 [1 1 0 1 0 0 1 1 0 1 1 0 0 0 0 1 0]
 [0 1 0 1 0 1 0 1 1 1 0 0 0 0 1 0 1]
 [1 1 1 1 1 0 1 0 1 0 0 0 0 0 1 1 0]
 [1 0 0 0 0 1 1 1 0 1 0 0 1 1 0 0 1]
 [1 1 1 1 0 1 0 1 0 0 0 1 0 1 0 0 1]
 [0 0 1 1 1 1 1 0 0 1 0 0 1 0 1 1 0]]

gen=4400, rew_max=0.00000000, rew_surv=0.00000000, rew_learn=0.00000000, time=0.2408, act_rndness=0.0721
Best performing matrix:
[[0 0 0 0 0 1 1 1 0 0 1 1 0 1 1 1 0]
 [0 0 0 1 0 1 0 0 1 1 1 1 1 1 0 1 0]
 [0 0 0 0 1 0 0 1 1 1 1 0 0 1 0 1 1]
 [0 1 0 0 1 0 1 0 0 0 0 1 1 1 0 1 1]
 [0 0 1 1 0 1 1 0 1 0 1 0 0 1 0 0 1]
 [1 1 0 0 1 0 0 0 1 0 1 0 1 0 1 0 1]
 [1 0 0 1 1 0 0 0 0 1 1 1 0 1 1 0 1]
 [1 0 1 0 0 0 0 0 1 1 0 1 1 0 1 1 0]
 [0 1 1 0 1 1 0 1 0 0 1 0 1 1 0 0 0]
 [0 1 1 0 0 0 1 1 0 0 1 1 1 0 1 0 1]
 [1 1 1 0 1 1 1 0 1 1 0 1 0 0 0 0 0]
 [1 1 0 1 0 0 1 1 0 1 1 0 0 0 0 1 0]
 [0 1 0 1 0 1 0 1 1 1 0 0 0 0 1 0 1]
 [1 1 1 1 1 0 1 0 1 0 0 0 0 0 1 1 0]
 [1 0 0 0 0 1 1 1 0 1 0 0 1 1 0 0 1]
 [1 1 1 1 0 0 0 1 0 0 0 1 0 1 0 0 1]
 [0 0 1 1 1 1 1 0 0 1 0 0 1 0 1 1 0]]

