gen=0, rew_max=-135.00000000, rew_surv=-219.94000000, rew_learn=-289.90000000, time=0.7645, act_rndness=0.0050
Best performing matrix:
[[0 1 0 0 1 0 1 0 1 0 1 0 1 1 0 0 1 0 0]
 [1 0 1 1 0 1 1 1 1 1 0 1 0 0 1 1 1 0 1]
 [0 1 0 0 1 1 0 1 1 0 0 0 1 0 1 1 0 1 0]
 [0 1 0 0 0 1 0 1 1 1 1 0 1 0 0 1 1 0 0]
 [1 0 1 0 0 1 0 0 1 0 1 1 1 0 1 1 0 1 1]
 [0 1 1 1 1 0 0 0 0 0 0 0 1 0 1 0 1 1 1]
 [1 1 0 0 0 0 0 1 1 0 1 1 1 0 0 0 0 1 1]
 [0 1 1 1 0 0 1 0 1 1 1 0 0 1 1 1 0 1 1]
 [1 1 1 1 1 0 1 1 0 0 0 1 1 1 0 0 1 0 1]
 [0 1 0 1 0 0 0 1 0 0 0 1 0 0 0 1 1 1 1]
 [1 0 0 1 1 0 1 1 0 0 0 0 1 1 1 1 1 1 1]
 [0 1 0 0 1 0 1 0 1 1 0 0 1 1 0 1 1 1 1]
 [1 0 1 1 1 1 1 0 1 0 1 1 0 1 0 0 0 0 0]
 [1 0 0 0 0 0 0 1 1 0 1 1 1 0 1 0 1 0 1]
 [0 1 1 0 1 1 0 1 0 0 1 0 0 1 0 1 1 1 0]
 [0 1 1 1 1 0 0 1 0 1 1 1 0 0 1 0 0 0 0]
 [1 1 0 1 0 1 0 0 1 1 1 1 0 1 1 0 0 0 0]
 [0 0 1 0 1 1 1 1 0 1 1 1 0 0 1 0 0 0 0]
 [0 1 0 0 1 1 1 1 1 1 1 1 0 1 0 0 0 0 0]]

gen=200, rew_max=-54.00000000, rew_surv=-73.20000000, rew_learn=-177.15000000, time=0.4612, act_rndness=0.0050
Best performing matrix:
[[0 0 1 1 1 1 1 1 1 1 0 0 1 1 0 0 1 0 0]
 [0 0 1 0 0 1 1 1 1 1 0 0 0 1 1 0 0 0 1]
 [1 1 0 0 1 0 1 1 0 1 1 1 0 0 0 1 0 0 0]
 [1 0 0 0 1 1 0 0 1 1 0 1 1 0 0 1 0 1 0]
 [1 0 1 1 0 0 1 1 0 1 0 1 1 0 1 0 0 1 1]
 [1 1 0 1 0 0 0 1 1 0 1 1 0 0 1 0 0 1 1]
 [1 1 1 0 1 0 0 0 1 0 0 1 1 0 1 1 0 1 1]
 [1 1 1 0 1 1 0 0 0 0 0 0 1 1 0 0 1 1 1]
 [1 1 0 1 0 1 1 0 0 1 1 0 1 0 0 0 1 0 0]
 [1 1 1 1 1 0 0 0 1 0 0 1 0 1 0 0 1 0 1]
 [0 0 1 0 0 1 0 0 1 0 0 1 1 1 1 1 0 1 0]
 [0 0 1 1 1 1 1 0 0 1 1 0 0 0 1 0 0 1 0]
 [1 0 0 1 1 0 1 1 1 0 1 0 0 1 1 1 0 0 1]
 [1 1 0 0 0 0 0 1 0 1 1 0 1 0 1 0 1 1 0]
 [0 1 0 0 1 1 1 0 0 0 1 1 1 1 0 1 1 0 1]
 [0 0 1 1 0 0 1 0 0 0 1 0 1 0 1 0 1 1 1]
 [1 0 0 0 0 0 0 1 1 1 0 0 0 1 1 1 0 1 1]
 [0 0 0 1 1 1 1 1 0 0 1 1 0 1 0 1 1 0 1]
 [0 1 0 0 1 1 1 1 0 1 0 0 1 0 1 1 1 1 0]]

gen=400, rew_max=-4.00000000, rew_surv=-4.00000000, rew_learn=-4.00000000, time=0.4670, act_rndness=0.0073
Best performing matrix:
[[0 0 1 1 1 1 0 1 1 1 0 0 1 1 0 0 1 0 0]
 [0 0 1 0 0 1 1 1 0 1 1 0 0 1 1 0 0 0 1]
 [1 1 0 0 0 1 1 1 1 1 0 1 0 0 0 0 1 1 0]
 [1 0 0 0 1 1 1 0 1 1 1 1 1 0 0 1 0 1 0]
 [1 0 0 1 0 0 0 1 0 1 0 1 1 1 1 0 0 1 1]
 [1 1 1 1 0 0 0 1 1 0 1 1 0 0 1 0 0 1 1]
 [0 1 1 1 0 0 0 0 1 1 0 1 1 1 0 1 0 0 1]
 [1 1 1 0 1 1 0 0 0 0 0 0 1 1 1 0 1 1 1]
 [1 0 1 1 0 1 1 0 0 0 1 0 1 0 0 1 1 0 1]
 [1 1 1 1 1 0 1 0 0 0 0 0 0 1 0 1 1 1 0]
 [0 1 0 1 0 1 0 0 1 0 0 1 1 1 1 1 1 0 0]
 [0 0 1 1 1 1 1 0 0 0 1 0 0 1 1 0 0 1 0]
 [1 0 0 1 1 0 1 1 1 0 1 0 0 1 1 1 0 0 0]
 [1 1 0 0 1 0 1 1 0 1 1 1 1 0 1 0 1 0 0]
 [0 1 0 0 1 1 0 1 0 0 1 1 1 1 0 1 0 1 1]
 [0 0 0 1 0 0 1 0 1 1 1 0 1 0 1 0 1 1 1]
 [1 0 1 0 0 0 0 1 1 1 1 0 0 1 0 1 0 1 1]
 [0 0 1 1 1 1 0 1 0 1 0 1 0 0 1 1 1 0 1]
 [0 1 0 0 1 1 1 1 1 0 0 0 0 0 1 1 1 1 0]]

gen=600, rew_max=-3.00000000, rew_surv=-3.00000000, rew_learn=-3.00000000, time=0.4708, act_rndness=0.0143
Best performing matrix:
[[0 0 1 1 1 1 0 1 1 1 0 0 1 1 0 0 1 0 0]
 [0 0 1 0 0 1 1 1 0 1 1 0 0 1 1 1 0 0 1]
 [1 1 0 0 0 1 1 1 1 1 0 1 0 0 0 0 0 1 0]
 [1 0 0 0 1 1 1 0 1 1 1 1 1 0 0 1 0 1 0]
 [1 0 0 1 0 0 0 1 0 1 0 1 1 1 1 0 0 1 1]
 [1 1 1 1 0 0 0 1 1 0 1 1 0 0 1 0 0 1 1]
 [0 1 1 1 0 0 0 0 1 1 0 1 1 1 0 1 0 0 1]
 [1 1 1 0 1 1 0 0 0 0 0 0 1 1 1 0 1 1 1]
 [1 0 1 1 0 1 1 0 0 0 1 0 1 0 0 1 1 0 1]
 [1 1 1 1 1 0 1 0 0 0 0 0 0 1 0 1 1 1 0]
 [0 1 0 1 0 1 0 0 1 0 0 1 1 1 1 1 1 0 0]
 [0 0 1 1 1 1 1 0 0 0 1 0 0 1 1 0 0 1 0]
 [1 0 0 1 1 0 1 1 1 0 1 0 0 1 1 1 0 0 0]
 [1 1 0 0 1 0 1 1 0 1 1 1 1 0 0 0 1 0 0]
 [0 1 0 0 1 1 0 1 0 0 1 1 1 0 0 1 0 1 1]
 [0 1 0 1 0 0 1 0 1 1 1 0 1 0 1 0 1 1 1]
 [1 0 0 0 0 0 0 1 1 1 1 0 0 1 0 1 0 1 1]
 [0 0 1 1 1 1 0 1 0 1 0 1 0 0 1 1 1 0 1]
 [0 1 0 0 1 1 1 1 1 0 0 0 0 0 1 1 1 1 0]]

gen=800, rew_max=-3.00000000, rew_surv=-3.00000000, rew_learn=-3.00000000, time=0.4812, act_rndness=0.0230
Best performing matrix:
[[0 0 1 1 1 1 0 1 1 1 1 0 1 1 0 0 1 0 0]
 [0 0 1 0 0 1 1 1 0 1 1 0 0 1 1 1 0 0 1]
 [1 1 0 0 0 1 1 1 1 1 0 1 0 0 0 0 0 1 0]
 [1 0 0 0 1 1 1 0 1 1 1 1 1 0 0 1 0 1 0]
 [1 0 0 1 0 0 0 1 0 1 0 1 1 1 1 0 0 1 1]
 [1 1 1 1 0 0 0 1 1 0 1 1 0 0 1 0 0 1 1]
 [0 1 1 1 0 0 0 0 1 1 0 1 1 1 0 1 0 0 1]
 [1 1 1 0 1 1 0 0 0 0 0 0 1 1 1 0 1 1 1]
 [1 0 1 1 0 1 1 0 0 0 1 0 1 0 0 1 1 0 1]
 [1 1 1 1 1 0 1 0 0 0 0 0 0 1 0 1 1 1 0]
 [1 1 0 1 0 1 0 0 1 0 0 1 1 1 1 1 1 0 0]
 [0 0 1 1 1 1 1 0 0 0 1 0 0 1 1 0 0 1 0]
 [1 0 0 1 1 0 1 1 1 0 1 0 0 1 1 1 0 0 0]
 [1 1 0 0 1 0 1 1 0 1 1 1 1 0 0 0 1 0 0]
 [0 1 0 0 1 1 0 1 0 0 1 1 1 0 0 1 0 1 1]
 [0 1 0 1 0 0 1 0 1 1 1 0 1 0 1 0 1 1 1]
 [1 0 0 0 0 0 0 1 1 1 1 0 0 1 0 1 0 1 1]
 [0 0 1 1 1 1 0 1 0 1 0 1 0 0 1 1 1 0 1]
 [0 1 0 0 1 1 1 1 1 0 0 0 0 0 1 1 1 1 0]]

gen=1000, rew_max=-2.00000000, rew_surv=-2.00000000, rew_learn=-2.00000000, time=0.5139, act_rndness=0.0750
Best performing matrix:
[[0 0 1 1 1 1 0 1 1 1 0 0 1 1 0 0 1 0 0]
 [0 0 1 0 0 1 1 1 0 1 1 0 0 1 1 1 0 0 1]
 [1 1 0 0 0 1 1 1 1 1 0 1 0 1 0 0 0 1 0]
 [1 0 0 0 1 1 1 0 1 1 1 1 1 0 0 1 0 1 0]
 [1 0 0 1 0 0 0 0 0 1 0 1 1 1 1 0 0 1 1]
 [1 1 1 1 0 0 0 1 1 0 1 1 0 0 1 0 0 1 1]
 [0 1 1 1 0 0 0 0 1 1 0 1 1 1 0 1 0 0 1]
 [1 1 1 0 0 1 0 0 0 0 0 0 1 1 1 0 1 1 1]
 [1 0 1 1 0 1 1 0 0 0 1 0 1 0 0 1 1 0 1]
 [1 1 1 1 1 0 1 0 0 0 0 0 0 0 0 1 1 1 0]
 [0 1 0 1 0 1 0 0 1 0 0 1 1 1 1 1 1 0 0]
 [0 0 1 1 1 1 1 0 0 0 1 0 0 1 1 0 0 1 0]
 [1 0 0 1 1 0 1 1 1 0 1 0 0 1 1 1 0 0 0]
 [1 1 1 0 1 0 1 1 0 0 1 1 1 0 0 0 1 0 0]
 [0 1 0 0 1 1 0 1 0 0 1 1 1 0 0 1 0 1 1]
 [0 1 0 1 0 0 1 0 1 1 1 0 1 0 1 0 1 1 1]
 [1 0 0 0 0 0 0 1 1 1 1 0 0 1 0 1 0 1 1]
 [0 0 1 1 1 1 0 1 0 1 0 1 0 0 1 1 1 0 1]
 [0 1 0 0 1 1 1 1 1 0 0 0 0 0 1 1 1 1 0]]

gen=1200, rew_max=-2.00000000, rew_surv=-2.00000000, rew_learn=-2.00000000, time=0.4869, act_rndness=0.0750
Best performing matrix:
[[0 0 1 1 1 1 0 1 1 1 0 0 1 1 0 0 1 0 0]
 [0 0 1 0 0 1 1 1 0 1 1 0 0 1 1 1 0 0 1]
 [1 1 0 0 0 1 1 1 1 1 0 1 0 1 0 0 0 1 0]
 [1 0 0 0 1 1 1 0 1 1 1 1 1 0 0 1 0 1 0]
 [1 0 0 1 0 0 0 0 0 1 0 1 1 1 1 0 0 1 1]
 [1 1 1 1 0 0 0 1 1 0 1 1 0 0 1 0 0 1 1]
 [0 1 1 1 0 0 0 0 1 1 0 1 1 1 0 1 0 0 1]
 [1 1 1 0 0 1 0 0 0 0 0 0 1 1 1 0 1 1 1]
 [1 0 1 1 0 1 1 0 0 0 1 0 1 0 0 1 1 0 1]
 [1 1 1 1 1 0 1 0 0 0 0 0 0 0 0 1 1 1 0]
 [0 1 0 1 0 1 0 0 1 0 0 1 1 1 1 1 1 0 0]
 [0 0 1 1 1 1 1 0 0 0 1 0 0 1 1 0 0 1 0]
 [1 0 0 1 1 0 1 1 1 0 1 0 0 1 1 1 0 0 0]
 [1 1 1 0 1 0 1 1 0 0 1 1 1 0 0 0 1 0 0]
 [0 1 0 0 1 1 0 1 0 0 1 1 1 0 0 1 0 1 1]
 [0 1 0 1 0 0 1 0 1 1 1 0 1 0 1 0 1 1 1]
 [1 0 0 0 0 0 0 1 1 1 1 0 0 1 0 1 0 1 1]
 [0 0 1 1 1 1 0 1 0 1 0 1 0 0 1 1 1 0 1]
 [0 1 0 0 1 1 1 1 1 0 0 0 0 0 1 1 1 1 0]]

gen=1400, rew_max=-2.00000000, rew_surv=-2.00000000, rew_learn=-2.00000000, time=0.4889, act_rndness=0.0750
Best performing matrix:
[[0 0 1 1 1 1 0 1 1 1 1 0 1 1 0 0 1 0 0]
 [0 0 1 0 0 1 1 1 0 1 1 0 0 1 1 1 0 0 1]
 [1 1 0 0 0 1 1 1 1 1 0 1 0 1 0 0 0 1 0]
 [1 0 0 0 1 1 1 0 1 1 1 1 1 0 0 1 0 1 0]
 [1 0 0 1 0 0 0 0 0 1 0 1 1 1 1 0 0 1 1]
 [1 1 1 1 0 0 0 1 1 0 1 1 0 0 1 0 0 1 1]
 [0 1 1 1 0 0 0 0 1 1 0 1 1 1 0 1 0 0 1]
 [1 1 1 0 0 1 0 0 0 0 0 0 1 1 1 0 1 1 1]
 [1 0 1 1 0 1 1 0 0 0 1 0 1 0 0 1 1 0 1]
 [1 1 1 1 1 0 1 0 0 0 0 0 0 0 0 1 1 1 0]
 [1 1 0 1 0 1 0 0 1 0 0 1 1 1 1 1 1 0 0]
 [0 0 1 1 1 1 1 0 0 0 1 0 0 1 1 0 0 1 0]
 [1 0 0 1 1 0 1 1 1 0 1 0 0 1 1 1 0 0 0]
 [1 1 1 0 1 0 1 1 0 0 1 1 1 0 0 0 1 0 0]
 [0 1 0 0 1 1 0 1 0 0 1 1 1 0 0 1 0 1 1]
 [0 1 0 1 0 0 1 0 1 1 1 0 1 0 1 0 1 1 1]
 [1 0 0 0 0 0 0 1 1 1 1 0 0 1 0 1 0 1 1]
 [0 0 1 1 1 1 0 1 0 1 0 1 0 0 1 1 1 0 1]
 [0 1 0 0 1 1 1 1 1 0 0 0 0 0 1 1 1 1 0]]

gen=1600, rew_max=-2.00000000, rew_surv=-2.00000000, rew_learn=-2.00000000, time=0.4975, act_rndness=0.0750
Best performing matrix:
[[0 0 1 1 1 1 0 1 1 1 0 0 1 1 0 0 1 0 0]
 [0 0 1 0 0 1 1 1 0 1 1 0 0 1 1 1 0 0 1]
 [1 1 0 0 0 1 1 1 1 1 0 1 0 1 0 0 0 1 0]
 [1 0 0 0 1 1 1 0 1 1 1 1 1 0 0 1 0 1 0]
 [1 0 0 1 0 0 0 0 0 1 0 1 1 1 1 0 0 1 1]
 [1 1 1 1 0 0 0 1 1 0 1 1 0 0 1 0 0 1 1]
 [0 1 1 1 0 0 0 0 1 1 0 1 1 1 0 1 0 0 1]
 [1 1 1 0 0 1 0 0 0 0 0 0 1 1 1 0 1 1 1]
 [1 0 1 1 0 1 1 0 0 0 1 0 1 0 0 1 1 0 1]
 [1 1 1 1 1 0 1 0 0 0 0 0 0 0 0 1 1 1 0]
 [0 1 0 1 0 1 0 0 1 0 0 1 1 1 1 1 1 0 0]
 [0 0 1 1 1 1 1 0 0 0 1 0 0 1 1 0 0 1 0]
 [1 0 0 1 1 0 1 1 1 0 1 0 0 1 1 1 0 0 0]
 [1 1 1 0 1 0 1 1 0 0 1 1 1 0 0 0 1 0 0]
 [0 1 0 0 1 1 0 1 0 0 1 1 1 0 0 1 0 1 1]
 [0 1 0 1 0 0 1 0 1 1 1 0 1 0 1 0 1 1 1]
 [1 0 0 0 0 0 0 1 1 1 1 0 0 1 0 1 0 1 1]
 [0 0 1 1 1 1 0 1 0 1 0 1 0 0 1 1 1 0 1]
 [0 1 0 0 1 1 1 1 1 0 0 0 0 0 1 1 1 1 0]]

gen=1800, rew_max=-2.00000000, rew_surv=-2.00000000, rew_learn=-2.00000000, time=0.4870, act_rndness=0.0750
Best performing matrix:
[[0 0 1 1 1 1 0 1 1 1 0 0 1 1 0 0 1 0 0]
 [0 0 1 0 0 1 1 1 0 1 1 0 0 1 1 1 0 0 1]
 [1 1 0 0 0 1 1 1 1 1 0 1 0 1 0 0 0 1 0]
 [1 0 0 0 1 1 1 0 1 1 1 1 1 0 0 1 0 1 0]
 [1 0 0 1 0 0 0 0 0 1 0 1 1 1 1 0 0 1 1]
 [1 1 1 1 0 0 0 1 1 0 1 1 0 0 1 0 0 1 1]
 [0 1 1 1 0 0 0 0 1 1 0 1 1 1 0 1 0 0 1]
 [1 1 1 0 0 1 0 0 0 0 0 0 1 1 1 0 1 1 1]
 [1 0 1 1 0 1 1 0 0 0 1 0 1 0 0 1 1 0 1]
 [1 1 1 1 1 0 1 0 0 0 0 0 0 0 0 1 1 1 0]
 [0 1 0 1 0 1 0 0 1 0 0 1 1 1 1 1 1 0 0]
 [0 0 1 1 1 1 1 0 0 0 1 0 0 1 1 0 0 1 0]
 [1 0 0 1 1 0 1 1 1 0 1 0 0 1 1 1 0 0 0]
 [1 1 1 0 1 0 1 1 0 0 1 1 1 0 0 0 1 0 0]
 [0 1 0 0 1 1 0 1 0 0 1 1 1 0 0 1 0 1 1]
 [0 1 0 1 0 0 1 0 1 1 1 0 1 0 1 0 1 1 1]
 [1 0 0 0 0 0 0 1 1 1 1 0 0 1 0 1 0 1 1]
 [0 0 1 1 1 1 0 1 0 1 0 1 0 0 1 1 1 0 1]
 [0 1 0 0 1 1 1 1 1 0 0 0 0 0 1 1 1 1 0]]

gen=2000, rew_max=-2.00000000, rew_surv=-2.00000000, rew_learn=-2.00000000, time=0.4891, act_rndness=0.0750
Best performing matrix:
[[0 0 1 1 1 1 0 1 1 1 0 0 1 1 0 0 1 0 0]
 [0 0 1 0 0 1 1 1 0 1 1 0 0 1 1 1 0 0 1]
 [1 1 0 0 0 1 1 1 1 1 0 1 0 1 0 0 0 1 0]
 [1 0 0 0 1 1 1 0 1 1 1 1 1 0 0 1 0 1 0]
 [1 0 0 1 0 0 0 0 0 1 0 1 1 1 1 0 0 1 1]
 [1 1 1 1 0 0 0 1 1 0 1 1 0 0 1 0 0 1 1]
 [0 1 1 1 0 0 0 0 1 1 0 1 1 1 0 1 0 0 1]
 [1 1 1 0 0 1 0 0 0 0 0 0 1 1 1 0 1 1 1]
 [1 0 1 1 0 1 1 0 0 0 1 0 1 0 0 1 1 0 1]
 [1 1 1 1 1 0 1 0 0 0 0 0 0 0 0 1 1 1 0]
 [0 1 0 1 0 1 0 0 1 0 0 1 1 1 1 1 1 0 0]
 [0 0 1 1 1 1 1 0 0 0 1 0 0 1 1 0 0 1 0]
 [1 0 0 1 1 0 1 1 1 0 1 0 0 1 1 1 0 0 0]
 [1 1 1 0 1 0 1 1 0 0 1 1 1 0 0 0 1 0 0]
 [0 1 0 0 1 1 0 1 0 0 1 1 1 0 0 1 0 1 1]
 [0 1 0 1 0 0 1 0 1 1 1 0 1 0 1 0 1 1 1]
 [1 0 0 0 0 0 0 1 1 1 1 0 0 1 0 1 0 1 1]
 [0 0 1 1 1 1 0 1 0 1 0 1 0 0 1 1 1 0 1]
 [0 1 0 0 1 1 1 1 1 0 0 0 0 0 1 1 1 1 0]]

gen=2200, rew_max=-2.00000000, rew_surv=-2.00000000, rew_learn=-2.00000000, time=0.4887, act_rndness=0.0750
Best performing matrix:
[[0 0 1 1 1 1 0 1 1 1 0 0 1 1 0 0 1 0 0]
 [0 0 1 0 0 1 1 1 0 1 1 0 0 1 1 1 0 0 1]
 [1 1 0 0 0 1 1 1 1 1 0 1 0 1 0 0 0 1 0]
 [1 0 0 0 1 1 1 0 1 1 1 1 1 0 0 1 0 1 0]
 [1 0 0 1 0 0 0 0 0 1 0 1 1 1 1 0 0 1 1]
 [1 1 1 1 0 0 0 1 1 0 1 1 0 0 1 0 0 1 1]
 [0 1 1 1 0 0 0 0 1 1 0 1 1 1 0 1 0 0 1]
 [1 1 1 0 0 1 0 0 0 0 0 0 1 1 1 0 1 1 1]
 [1 0 1 1 0 1 1 0 0 0 1 0 1 0 0 1 1 0 1]
 [1 1 1 1 1 0 1 0 0 0 0 0 0 0 0 1 1 1 0]
 [0 1 0 1 0 1 0 0 1 0 0 1 1 1 1 1 1 0 0]
 [0 0 1 1 1 1 1 0 0 0 1 0 0 1 1 0 0 1 0]
 [1 0 0 1 1 0 1 1 1 0 1 0 0 1 1 1 0 0 0]
 [1 1 1 0 1 0 1 1 0 0 1 1 1 0 0 0 1 0 0]
 [0 1 0 0 1 1 0 1 0 0 1 1 1 0 0 1 0 1 1]
 [0 1 0 1 0 0 1 0 1 1 1 0 1 0 1 0 1 1 1]
 [1 0 0 0 0 0 0 1 1 1 1 0 0 1 0 1 0 1 1]
 [0 0 1 1 1 1 0 1 0 1 0 1 0 0 1 1 1 0 1]
 [0 1 0 0 1 1 1 1 1 0 0 0 0 0 1 1 1 1 0]]

gen=2400, rew_max=-2.00000000, rew_surv=-2.00000000, rew_learn=-2.00000000, time=0.4884, act_rndness=0.0750
Best performing matrix:
[[0 0 1 1 1 1 0 1 1 1 0 0 1 1 0 0 1 0 0]
 [0 0 1 0 0 1 1 1 0 1 1 0 0 1 1 1 0 0 1]
 [1 1 0 0 0 1 1 1 1 1 0 1 0 1 0 0 0 1 0]
 [1 0 0 0 1 1 1 0 1 1 1 1 1 0 0 1 0 1 0]
 [1 0 0 1 0 0 0 0 0 1 0 1 1 1 1 0 0 1 1]
 [1 1 1 1 0 0 0 1 1 0 1 1 0 0 1 0 0 1 1]
 [0 1 1 1 0 0 0 0 1 1 0 1 1 1 0 1 0 0 1]
 [1 1 1 0 0 1 0 0 0 0 0 0 1 1 1 0 1 1 1]
 [1 0 1 1 0 1 1 0 0 0 1 0 1 0 0 1 1 0 1]
 [1 1 1 1 1 0 1 0 0 0 0 0 0 0 0 1 1 1 0]
 [0 1 0 1 0 1 0 0 1 0 0 1 1 1 1 1 1 0 0]
 [0 0 1 1 1 1 1 0 0 0 1 0 0 1 1 0 0 1 0]
 [1 0 0 1 1 0 1 1 1 0 1 0 0 1 1 1 0 0 0]
 [1 1 1 0 1 0 1 1 0 0 1 1 1 0 0 0 1 0 0]
 [0 1 0 0 1 1 0 1 0 0 1 1 1 0 0 1 0 1 1]
 [0 1 0 1 0 0 1 0 1 1 1 0 1 0 1 0 1 1 1]
 [1 0 0 0 0 0 0 1 1 1 1 0 0 1 0 1 0 1 1]
 [0 0 1 1 1 1 0 1 0 1 0 1 0 0 1 1 1 0 1]
 [0 1 0 0 1 1 1 1 1 0 0 0 0 0 1 1 1 1 0]]

gen=2600, rew_max=-2.00000000, rew_surv=-2.00000000, rew_learn=-2.00000000, time=0.4883, act_rndness=0.0750
Best performing matrix:
[[0 0 1 1 1 1 0 1 1 1 0 0 1 1 0 0 1 0 0]
 [0 0 1 0 0 1 1 1 0 1 1 0 0 1 1 1 0 0 1]
 [1 1 0 0 0 1 1 1 1 1 0 1 0 1 0 0 0 1 0]
 [1 0 0 0 1 1 1 0 1 1 1 1 1 0 0 1 0 1 0]
 [1 0 0 1 0 0 0 0 0 1 0 1 1 1 1 0 0 1 1]
 [1 1 1 1 0 0 0 1 1 0 1 1 0 0 1 0 0 1 1]
 [0 1 1 1 0 0 0 0 1 1 0 1 1 1 0 1 0 0 1]
 [1 1 1 0 0 1 0 0 0 0 0 0 1 1 1 0 1 1 1]
 [1 0 1 1 0 1 1 0 0 0 1 0 1 0 0 1 1 0 1]
 [1 1 1 1 1 0 1 0 0 0 0 0 0 0 0 1 1 1 0]
 [0 1 0 1 0 1 0 0 1 0 0 1 1 1 1 1 1 0 0]
 [0 0 1 1 1 1 1 0 0 0 1 0 0 1 1 0 0 1 0]
 [1 0 0 1 1 0 1 1 1 0 1 0 0 1 1 1 0 0 0]
 [1 1 1 0 1 0 1 1 0 0 1 1 1 0 0 0 1 0 0]
 [0 1 0 0 1 1 0 1 0 0 1 1 1 0 0 1 0 1 1]
 [0 1 0 1 0 0 1 0 1 1 1 0 1 0 1 0 1 1 1]
 [1 0 0 0 0 0 0 1 1 1 1 0 0 1 0 1 0 1 1]
 [0 0 1 1 1 1 0 1 0 1 0 1 0 0 1 1 1 0 1]
 [0 1 0 0 1 1 1 1 1 0 0 0 0 0 1 1 1 1 0]]

gen=2800, rew_max=-2.00000000, rew_surv=-2.00000000, rew_learn=-2.00000000, time=0.4844, act_rndness=0.0750
Best performing matrix:
[[0 0 1 1 1 1 0 1 1 1 1 0 1 1 0 0 1 0 0]
 [0 0 1 0 0 1 1 1 0 1 1 0 0 1 1 1 0 0 1]
 [1 1 0 0 0 1 1 1 1 1 0 1 0 1 0 0 0 1 0]
 [1 0 0 0 1 1 1 0 1 1 1 1 1 0 0 1 0 1 0]
 [1 0 0 1 0 0 0 0 0 1 0 1 1 1 1 0 0 1 1]
 [1 1 1 1 0 0 0 1 1 0 1 1 0 0 1 0 0 1 1]
 [0 1 1 1 0 0 0 0 1 1 0 1 1 1 0 1 0 0 1]
 [1 1 1 0 0 1 0 0 0 0 0 0 1 1 1 0 1 1 1]
 [1 0 1 1 0 1 1 0 0 0 1 0 1 0 0 1 1 0 1]
 [1 1 1 1 1 0 1 0 0 0 0 0 0 0 0 1 1 1 0]
 [1 1 0 1 0 1 0 0 1 0 0 1 1 1 1 1 1 0 0]
 [0 0 1 1 1 1 1 0 0 0 1 0 0 1 1 0 0 1 0]
 [1 0 0 1 1 0 1 1 1 0 1 0 0 1 1 1 0 0 0]
 [1 1 1 0 1 0 1 1 0 0 1 1 1 0 0 0 1 0 0]
 [0 1 0 0 1 1 0 1 0 0 1 1 1 0 0 1 0 1 1]
 [0 1 0 1 0 0 1 0 1 1 1 0 1 0 1 0 1 1 1]
 [1 0 0 0 0 0 0 1 1 1 1 0 0 1 0 1 0 1 1]
 [0 0 1 1 1 1 0 1 0 1 0 1 0 0 1 1 1 0 1]
 [0 1 0 0 1 1 1 1 1 0 0 0 0 0 1 1 1 1 0]]

gen=3000, rew_max=-2.00000000, rew_surv=-2.00000000, rew_learn=-2.00000000, time=0.4872, act_rndness=0.0750
Best performing matrix:
[[0 0 1 1 1 1 0 1 1 1 0 0 1 1 0 0 1 0 0]
 [0 0 1 0 0 1 1 1 0 1 1 0 0 1 1 1 0 0 1]
 [1 1 0 0 0 1 1 1 1 1 0 1 0 1 0 0 1 1 0]
 [1 0 0 0 1 1 1 0 1 1 1 1 1 0 0 1 0 1 0]
 [1 0 0 1 0 0 0 0 0 1 0 1 1 1 1 1 0 1 1]
 [1 1 1 1 0 0 0 1 1 0 1 1 0 0 1 0 0 1 1]
 [0 1 1 1 0 0 0 0 1 1 0 1 1 1 0 0 0 0 1]
 [1 1 1 0 0 1 0 0 0 0 0 0 1 1 1 0 1 1 1]
 [1 0 1 1 0 1 1 0 0 0 1 0 1 0 0 1 1 0 1]
 [1 1 1 1 1 0 1 0 0 0 0 0 0 0 0 1 1 1 0]
 [0 1 0 1 0 1 0 0 1 0 0 1 1 1 1 1 1 0 0]
 [0 0 1 1 1 1 1 0 0 0 1 0 0 1 1 0 0 1 0]
 [1 0 0 1 1 0 1 1 1 0 1 0 0 1 1 1 0 0 0]
 [1 1 1 0 1 0 1 1 0 0 1 1 1 0 1 0 1 0 0]
 [0 1 0 0 1 1 0 1 0 0 1 1 1 1 0 1 0 1 1]
 [0 1 0 1 1 0 0 0 1 1 1 0 1 0 1 0 1 1 1]
 [1 0 1 0 0 0 0 1 1 1 1 0 0 1 0 1 0 1 1]
 [0 0 1 1 1 1 0 1 0 1 0 1 0 0 1 1 1 0 1]
 [0 1 0 0 1 1 1 1 1 0 0 0 0 0 1 1 1 1 0]]

gen=3200, rew_max=-2.00000000, rew_surv=-2.00000000, rew_learn=-2.00000000, time=0.4889, act_rndness=0.0750
Best performing matrix:
[[0 0 1 1 1 1 0 1 1 1 0 0 1 1 0 0 1 0 0]
 [0 0 1 0 0 1 1 1 0 1 1 0 0 1 1 1 0 0 1]
 [1 1 0 0 0 1 1 1 1 1 0 1 0 1 0 0 0 1 0]
 [1 0 0 0 1 1 0 0 1 1 1 1 1 0 0 1 0 1 0]
 [1 0 0 1 0 0 1 0 0 1 0 1 1 1 1 0 0 1 1]
 [1 1 1 1 0 0 0 1 1 0 1 1 0 0 1 0 0 1 1]
 [0 1 1 0 1 0 0 0 1 1 0 1 1 1 0 1 0 0 1]
 [1 1 1 0 0 1 0 0 0 0 0 0 1 1 1 0 1 1 1]
 [1 0 1 1 0 1 1 0 0 0 1 0 1 0 0 1 1 0 1]
 [1 1 1 1 1 0 1 0 0 0 0 0 0 0 0 1 1 1 0]
 [0 1 0 1 0 1 0 0 1 0 0 1 1 1 1 1 1 0 0]
 [0 0 1 1 1 1 1 0 0 0 1 0 0 1 1 0 0 1 0]
 [1 0 0 1 1 0 1 1 1 0 1 0 0 1 1 1 0 0 0]
 [1 1 1 0 1 0 1 1 0 0 1 1 1 0 0 0 1 0 0]
 [0 1 0 0 1 1 0 1 0 0 1 1 1 0 0 1 0 1 1]
 [0 1 0 1 0 0 1 0 1 1 1 0 1 0 1 0 1 1 1]
 [1 0 0 0 0 0 0 1 1 1 1 0 0 1 0 1 0 1 1]
 [0 0 1 1 1 1 0 1 0 1 0 1 0 0 1 1 1 0 1]
 [0 1 0 0 1 1 1 1 1 0 0 0 0 0 1 1 1 1 0]]

gen=3400, rew_max=-2.00000000, rew_surv=-2.00000000, rew_learn=-2.00000000, time=0.5109, act_rndness=0.0750
Best performing matrix:
[[0 0 1 1 1 1 0 1 1 1 0 0 1 1 0 0 1 0 0]
 [0 0 1 0 0 1 1 1 0 1 1 0 0 1 1 1 0 0 1]
 [1 1 0 0 0 1 1 1 1 1 0 1 0 1 0 0 0 1 0]
 [1 0 0 0 1 1 1 0 1 1 1 1 1 0 0 1 0 1 0]
 [1 0 0 1 0 0 0 0 0 1 0 1 1 1 1 0 0 1 1]
 [1 1 1 1 0 0 0 1 1 0 1 1 0 0 1 0 0 1 1]
 [0 1 1 1 0 0 0 0 1 1 0 1 1 1 0 1 0 0 1]
 [1 1 1 0 0 1 0 0 0 0 0 0 1 1 1 0 1 1 1]
 [1 0 1 1 0 1 1 0 0 0 1 0 1 0 0 1 1 0 1]
 [1 1 1 1 1 0 1 0 0 0 0 0 0 0 0 1 1 1 0]
 [0 1 0 1 0 1 0 0 1 0 0 1 1 1 1 1 1 0 0]
 [0 0 1 1 1 1 1 0 0 0 1 0 0 1 1 0 0 1 0]
 [1 0 0 1 1 0 1 1 1 0 1 0 0 1 1 1 0 0 0]
 [1 1 1 0 1 0 1 1 0 0 1 1 1 0 0 0 1 0 0]
 [0 1 0 0 1 1 0 1 0 0 1 1 1 0 0 1 0 1 1]
 [0 1 0 1 0 0 1 0 1 1 1 0 1 0 1 0 1 1 1]
 [1 0 0 0 0 0 0 1 1 1 1 0 0 1 0 1 0 1 1]
 [0 0 1 1 1 1 0 1 0 1 0 1 0 0 1 1 1 0 1]
 [0 1 0 0 1 1 1 1 1 0 0 0 0 0 1 1 1 1 0]]

gen=3600, rew_max=-1.00000000, rew_surv=-1.00000000, rew_learn=-1.00000000, time=0.4664, act_rndness=0.0173
Best performing matrix:
[[0 0 1 1 1 1 0 1 1 1 0 0 1 1 0 0 1 0 0]
 [0 0 1 0 0 1 1 1 0 1 1 1 0 1 1 1 0 0 1]
 [1 1 0 0 0 1 1 1 1 1 0 1 0 1 0 0 0 1 0]
 [1 0 0 0 1 1 0 0 1 1 1 1 1 0 0 1 0 1 0]
 [1 0 0 1 0 0 1 0 0 1 0 1 1 1 1 0 0 1 1]
 [1 1 1 1 0 0 0 1 1 0 1 1 0 0 1 0 0 0 1]
 [0 1 1 0 1 0 0 0 1 1 0 1 1 1 0 1 0 0 1]
 [1 1 1 0 0 1 0 0 0 0 0 0 1 1 1 0 1 1 1]
 [1 0 1 1 0 1 1 0 0 0 1 0 1 0 0 1 1 0 1]
 [1 1 1 1 1 0 1 0 0 0 0 0 0 0 0 1 1 1 1]
 [0 1 0 1 0 1 0 0 1 0 0 1 1 1 1 1 1 0 0]
 [0 1 1 1 1 1 1 0 0 0 1 0 0 1 1 0 0 1 0]
 [1 0 0 1 1 0 1 1 1 0 1 0 0 1 1 1 0 0 0]
 [1 1 1 0 1 0 1 1 0 0 1 1 1 0 0 0 1 0 0]
 [0 1 0 0 1 1 0 1 0 0 1 1 1 0 0 1 0 1 1]
 [0 1 0 1 0 0 1 0 1 1 1 0 1 0 1 0 1 1 1]
 [1 0 0 0 0 0 0 1 1 1 1 0 0 1 0 1 0 1 1]
 [0 0 1 1 1 0 0 1 0 1 0 1 0 0 1 1 1 0 0]
 [0 1 0 0 1 1 1 1 1 1 0 0 0 0 1 1 1 0 0]]

gen=3800, rew_max=-1.00000000, rew_surv=-1.00000000, rew_learn=-1.00000000, time=0.4881, act_rndness=0.0750
Best performing matrix:
[[0 0 1 1 1 1 0 1 1 1 0 0 1 1 0 0 1 0 0]
 [0 0 1 0 0 1 1 1 0 1 1 1 0 1 1 1 0 0 1]
 [1 1 0 0 0 1 1 1 1 1 0 1 0 1 0 0 0 1 0]
 [1 0 0 0 1 1 0 0 1 1 1 1 1 0 0 1 0 1 0]
 [1 0 0 1 0 0 1 0 0 1 0 1 1 1 1 0 0 1 1]
 [1 1 1 1 0 0 0 1 1 0 1 1 0 0 1 0 0 0 1]
 [0 1 1 0 1 0 0 0 1 1 0 1 1 1 0 1 0 0 1]
 [1 1 1 0 0 1 0 0 0 0 0 0 1 1 1 0 1 1 1]
 [1 0 1 1 0 1 1 0 0 0 1 0 1 0 0 1 1 0 1]
 [1 1 1 1 1 0 1 0 0 0 0 0 0 0 0 1 1 1 1]
 [0 1 0 1 0 1 0 0 1 0 0 1 1 1 1 1 1 0 0]
 [0 1 1 1 1 1 1 0 0 0 1 0 0 1 1 0 0 1 0]
 [1 0 0 1 1 0 1 1 1 0 1 0 0 1 1 1 0 0 0]
 [1 1 1 0 1 0 1 1 0 0 1 1 1 0 0 0 1 0 0]
 [0 1 0 0 1 1 0 1 0 0 1 1 1 0 0 1 0 1 1]
 [0 1 0 1 0 0 1 0 1 1 1 0 1 0 1 0 1 1 1]
 [1 0 0 0 0 0 0 1 1 1 1 0 0 1 0 1 0 1 1]
 [0 0 1 1 1 0 0 1 0 1 0 1 0 0 1 1 1 0 0]
 [0 1 0 0 1 1 1 1 1 1 0 0 0 0 1 1 1 0 0]]

gen=4000, rew_max=-1.00000000, rew_surv=-1.00000000, rew_learn=-1.00000000, time=0.5242, act_rndness=0.0750
Best performing matrix:
[[0 0 1 1 1 1 0 1 1 1 0 0 1 1 0 0 1 0 0]
 [0 0 1 0 0 1 1 1 0 1 1 1 0 1 1 1 0 0 1]
 [1 1 0 0 0 1 1 1 1 1 0 1 0 1 0 0 0 1 0]
 [1 0 0 0 1 1 0 0 1 1 1 1 1 0 0 1 0 1 0]
 [1 0 0 1 0 0 1 0 0 1 0 1 1 1 1 0 0 1 1]
 [1 1 1 1 0 0 0 1 1 0 1 1 0 0 1 0 0 0 1]
 [0 1 1 0 1 0 0 0 1 1 0 1 1 1 0 1 0 0 1]
 [1 1 1 0 0 1 0 0 0 0 0 0 1 1 1 0 1 1 1]
 [1 0 1 1 0 1 1 0 0 0 1 0 1 0 0 1 1 0 1]
 [1 1 1 1 1 0 1 0 0 0 0 0 0 1 0 1 1 1 1]
 [0 1 0 1 0 1 0 0 1 0 0 1 1 1 1 1 1 0 0]
 [0 1 1 1 1 1 1 0 0 0 1 0 0 1 1 0 0 1 0]
 [1 0 0 1 1 0 1 1 1 0 1 0 0 1 1 1 0 0 0]
 [1 1 1 0 1 0 1 1 0 1 1 1 1 0 0 0 1 0 0]
 [0 1 0 0 1 1 0 1 0 0 1 1 1 0 0 1 0 1 1]
 [0 1 0 1 0 0 1 0 1 1 1 0 1 0 1 0 1 1 1]
 [1 0 0 0 0 0 0 1 1 1 1 0 0 1 0 1 0 1 1]
 [0 0 1 1 1 0 0 1 0 1 0 1 0 0 1 1 1 0 0]
 [0 1 0 0 1 1 1 1 1 1 0 0 0 0 1 1 1 0 0]]

gen=4200, rew_max=-1.00000000, rew_surv=-1.00000000, rew_learn=-1.00000000, time=0.4916, act_rndness=0.0750
Best performing matrix:
[[0 0 1 1 1 1 0 1 1 1 1 0 1 1 0 0 1 0 0]
 [0 0 1 0 0 1 1 1 0 1 1 1 0 1 1 1 0 0 1]
 [1 1 0 0 0 1 1 1 1 1 0 1 0 1 0 0 0 1 0]
 [1 0 0 0 1 1 0 0 1 1 1 1 1 0 0 1 0 1 0]
 [1 0 0 1 0 0 1 0 0 1 0 1 1 1 1 0 0 1 1]
 [1 1 1 1 0 0 0 1 1 0 1 1 0 0 1 0 0 0 1]
 [0 1 1 0 1 0 0 0 1 1 0 1 1 1 0 1 0 0 1]
 [1 1 1 0 0 1 0 0 0 0 0 0 1 1 1 0 1 1 1]
 [1 0 1 1 0 1 1 0 0 0 1 0 1 0 0 1 1 0 1]
 [1 1 1 1 1 0 1 0 0 0 0 0 0 0 0 1 1 1 1]
 [1 1 0 1 0 1 0 0 1 0 0 1 1 1 1 1 1 0 0]
 [0 1 1 1 1 1 1 0 0 0 1 0 0 1 1 0 0 1 0]
 [1 0 0 1 1 0 1 1 1 0 1 0 0 1 1 1 0 0 0]
 [1 1 1 0 1 0 1 1 0 0 1 1 1 0 0 0 1 0 0]
 [0 1 0 0 1 1 0 1 0 0 1 1 1 0 0 1 0 1 1]
 [0 1 0 1 0 0 1 0 1 1 1 0 1 0 1 0 1 1 1]
 [1 0 0 0 0 0 0 1 1 1 1 0 0 1 0 1 0 1 1]
 [0 0 1 1 1 0 0 1 0 1 0 1 0 0 1 1 1 0 0]
 [0 1 0 0 1 1 1 1 1 1 0 0 0 0 1 1 1 0 0]]

gen=4400, rew_max=-1.00000000, rew_surv=-1.00000000, rew_learn=-1.00000000, time=0.4927, act_rndness=0.0750
Best performing matrix:
[[0 0 1 1 1 1 0 1 1 1 1 0 1 1 0 0 1 0 0]
 [0 0 1 0 0 1 1 1 0 1 1 1 0 1 1 1 0 0 1]
 [1 1 0 0 0 1 1 1 1 1 0 1 0 1 0 0 0 1 0]
 [1 0 0 0 1 1 0 0 1 1 1 1 1 0 0 1 0 1 0]
 [1 0 0 1 0 0 1 0 0 1 0 1 1 1 1 0 0 1 1]
 [1 1 1 1 0 0 0 1 1 0 1 1 0 0 1 0 0 0 1]
 [0 1 1 0 1 0 0 0 1 1 0 1 1 1 0 1 0 0 1]
 [1 1 1 0 0 1 0 0 0 0 0 0 1 1 1 0 1 1 1]
 [1 0 1 1 0 1 1 0 0 0 1 0 1 0 0 1 1 0 1]
 [1 1 1 1 1 0 1 0 0 0 0 0 0 1 0 1 1 1 1]
 [1 1 0 1 0 1 0 0 1 0 0 1 1 1 1 1 1 0 0]
 [0 1 1 1 1 1 1 0 0 0 1 0 0 1 1 0 0 1 0]
 [1 0 0 1 1 0 1 1 1 0 1 0 0 1 1 1 0 0 0]
 [1 1 1 0 1 0 1 1 0 1 1 1 1 0 0 0 1 0 0]
 [0 1 0 0 1 1 0 1 0 0 1 1 1 0 0 1 0 1 1]
 [0 1 0 1 0 0 1 0 1 1 1 0 1 0 1 0 1 1 0]
 [1 0 0 0 0 0 0 1 1 1 1 0 0 1 0 1 0 1 1]
 [0 0 1 1 1 0 0 1 0 1 0 1 0 0 1 1 1 0 0]
 [0 1 0 0 1 1 1 1 1 1 0 0 0 0 1 0 1 0 0]]

gen=4600, rew_max=-1.00000000, rew_surv=-1.00000000, rew_learn=-1.00000000, time=0.4976, act_rndness=0.0750
Best performing matrix:
[[0 0 1 1 1 1 0 1 1 1 0 0 1 1 0 0 1 0 0]
 [0 0 1 0 0 1 1 1 0 1 1 1 0 1 1 1 0 0 1]
 [1 1 0 0 0 1 1 1 1 1 0 1 0 1 0 0 0 1 0]
 [1 0 0 0 1 1 0 0 1 1 1 1 1 0 0 1 0 1 0]
 [1 0 0 1 0 0 1 0 0 1 0 1 1 1 1 0 0 1 1]
 [1 1 1 1 0 0 0 1 1 0 1 1 0 0 1 0 0 0 1]
 [0 1 1 0 1 0 0 0 1 1 0 1 1 1 0 1 0 0 1]
 [1 1 1 0 0 1 0 0 0 0 0 0 1 1 1 0 1 1 1]
 [1 0 1 1 0 1 1 0 0 0 1 0 1 0 0 1 1 0 1]
 [1 1 1 1 1 0 1 0 0 0 0 0 0 0 0 1 1 1 1]
 [0 1 0 1 0 1 0 0 1 0 0 1 1 1 1 1 1 0 0]
 [0 1 1 1 1 1 1 0 0 0 1 0 0 1 1 0 0 1 0]
 [1 0 0 1 1 0 1 1 1 0 1 0 0 1 1 1 0 0 0]
 [1 1 1 0 1 0 1 1 0 0 1 1 1 0 0 0 1 0 0]
 [0 1 0 0 1 1 0 1 0 0 1 1 1 0 0 1 0 1 1]
 [0 1 0 1 0 0 1 0 1 1 1 0 1 0 1 0 1 1 1]
 [1 0 0 0 0 0 0 1 1 1 1 0 0 1 0 1 0 1 1]
 [0 0 1 1 1 0 0 1 0 1 0 1 0 0 1 1 1 0 0]
 [0 1 0 0 1 1 1 1 1 1 0 0 0 0 1 1 1 0 0]]

gen=4800, rew_max=-1.00000000, rew_surv=-1.00000000, rew_learn=-1.00000000, time=0.4914, act_rndness=0.0750
Best performing matrix:
[[0 0 1 1 1 1 0 1 1 1 1 0 1 1 0 0 1 0 0]
 [0 0 1 0 0 1 1 1 0 1 1 1 0 1 1 1 0 0 1]
 [1 1 0 0 0 1 1 1 1 1 0 1 0 1 0 0 0 1 0]
 [1 0 0 0 1 1 0 0 1 1 1 1 1 0 1 1 0 1 0]
 [1 0 0 1 0 0 1 0 0 1 0 1 1 1 1 0 0 1 1]
 [1 1 1 1 0 0 0 1 1 0 1 1 0 0 1 0 0 0 1]
 [0 1 1 0 1 0 0 0 1 1 0 1 1 1 0 1 0 0 1]
 [1 1 1 0 0 1 0 0 0 0 0 0 1 1 1 0 1 1 1]
 [1 0 1 1 0 1 1 0 0 0 0 0 1 0 0 1 1 0 1]
 [1 1 1 1 1 0 1 0 0 0 0 0 0 1 0 1 1 1 1]
 [1 1 0 1 0 1 0 0 0 0 0 1 1 1 1 1 1 0 0]
 [0 1 1 1 1 1 1 0 0 0 1 0 0 1 1 0 0 1 0]
 [1 0 0 1 1 0 1 1 1 0 1 0 0 1 1 1 0 0 0]
 [1 1 1 0 1 0 1 1 0 1 1 1 1 0 0 0 1 0 0]
 [0 1 0 1 1 1 0 1 0 0 1 1 1 0 0 1 0 1 1]
 [0 1 0 1 0 0 1 0 1 1 1 0 1 0 1 0 1 1 1]
 [1 0 0 0 0 0 0 1 1 1 1 0 0 1 0 1 0 1 1]
 [0 0 1 1 1 0 0 1 0 1 0 1 0 0 1 1 1 0 0]
 [0 1 0 0 1 1 1 1 1 1 0 0 0 0 1 1 1 0 0]]

gen=5000, rew_max=-1.00000000, rew_surv=-1.00000000, rew_learn=-1.00000000, time=0.4895, act_rndness=0.0750
Best performing matrix:
[[0 0 1 1 1 1 0 1 1 1 1 0 1 1 0 0 1 0 0]
 [0 0 1 0 0 1 1 1 0 1 1 1 0 1 1 1 0 0 1]
 [1 1 0 0 0 1 1 1 1 1 0 1 0 1 0 0 0 1 0]
 [1 0 0 0 1 1 0 0 1 1 1 1 1 0 0 1 0 1 0]
 [1 0 0 1 0 0 1 0 0 1 0 1 1 1 1 0 0 1 1]
 [1 1 1 1 0 0 0 1 1 0 1 1 0 0 1 0 0 0 1]
 [0 1 1 0 1 0 0 0 1 1 0 1 1 1 0 1 0 0 1]
 [1 1 1 0 0 1 0 0 0 0 0 0 1 1 1 0 1 1 1]
 [1 0 1 1 0 1 1 0 0 0 1 0 1 0 0 1 1 0 1]
 [1 1 1 1 1 0 1 0 0 0 0 0 0 0 0 1 1 1 1]
 [1 1 0 1 0 1 0 0 1 0 0 1 1 1 1 1 1 0 0]
 [0 1 1 1 1 1 1 0 0 0 1 0 0 1 1 0 0 1 0]
 [1 0 0 1 1 0 1 1 1 0 1 0 0 1 1 1 0 0 0]
 [1 1 1 0 1 0 1 1 0 0 1 1 1 0 0 0 1 0 0]
 [0 1 0 0 1 1 0 1 0 0 1 1 1 0 0 1 0 1 1]
 [0 1 0 1 0 0 1 0 1 1 1 0 1 0 1 0 1 1 1]
 [1 0 0 0 0 0 0 1 1 1 1 0 0 1 0 1 0 1 1]
 [0 0 1 1 1 0 0 1 0 1 0 1 0 0 1 1 1 0 0]
 [0 1 0 0 1 1 1 1 1 1 0 0 0 0 1 1 1 0 0]]

gen=5200, rew_max=-1.00000000, rew_surv=-1.00000000, rew_learn=-1.00000000, time=0.4973, act_rndness=0.0750
Best performing matrix:
[[0 0 1 1 1 1 0 1 1 1 0 0 1 1 0 0 1 0 0]
 [0 0 1 0 0 1 1 1 0 1 1 1 0 1 1 1 0 0 1]
 [1 1 0 0 0 1 1 1 1 1 0 1 0 1 0 0 0 1 0]
 [1 0 0 0 1 1 0 0 1 1 1 1 1 0 1 1 0 1 0]
 [1 0 0 1 0 0 1 0 0 1 0 1 1 1 1 0 0 1 1]
 [1 1 1 1 0 0 0 1 1 0 1 1 0 0 1 0 0 0 1]
 [0 1 1 0 1 0 0 0 1 1 0 1 1 1 0 1 0 0 1]
 [1 1 1 0 0 1 0 0 0 0 0 0 1 1 1 0 1 1 1]
 [1 0 1 1 0 1 1 0 0 0 1 0 1 0 0 1 1 0 1]
 [1 1 1 1 1 0 1 0 0 0 0 0 0 0 0 1 1 1 1]
 [0 1 0 1 0 1 0 0 1 0 0 1 1 1 1 1 1 0 0]
 [0 1 1 1 1 1 1 0 0 0 1 0 0 1 1 0 0 1 0]
 [1 0 0 1 1 0 1 1 1 0 1 0 0 1 1 1 0 0 0]
 [1 1 1 0 1 0 1 1 0 0 1 1 1 0 0 0 1 0 0]
 [0 1 0 1 1 1 0 1 0 0 1 1 1 0 0 1 0 1 1]
 [0 1 0 1 0 0 1 0 1 1 1 0 1 0 1 0 1 1 1]
 [1 0 0 0 0 0 0 1 1 1 1 0 0 1 0 1 0 1 1]
 [0 0 1 1 1 0 0 1 0 1 0 1 0 0 1 1 1 0 0]
 [0 1 0 0 1 1 1 1 1 1 0 0 0 0 1 1 1 0 0]]

gen=5400, rew_max=-1.00000000, rew_surv=-1.00000000, rew_learn=-1.00000000, time=0.5023, act_rndness=0.0750
Best performing matrix:
[[0 0 1 1 1 1 0 1 1 1 0 0 1 1 0 0 1 0 0]
 [0 0 1 0 0 1 1 1 0 1 1 1 0 1 1 1 0 0 1]
 [1 1 0 0 0 1 1 1 1 1 0 1 0 1 0 0 0 1 0]
 [1 0 0 0 1 1 0 0 1 1 1 1 1 0 0 1 0 1 0]
 [1 0 0 1 0 0 1 0 0 1 0 1 1 1 1 0 0 1 1]
 [1 1 1 1 0 0 0 1 1 0 1 1 0 0 1 0 0 0 1]
 [0 1 1 0 1 0 0 0 1 1 0 1 1 1 0 1 0 0 1]
 [1 1 1 0 0 1 0 0 0 0 0 0 1 1 1 0 1 1 1]
 [1 0 1 1 0 1 1 0 0 0 1 0 1 0 0 1 1 0 1]
 [1 1 1 1 1 0 1 0 0 0 0 0 0 0 0 1 1 1 1]
 [0 1 0 1 0 1 0 0 1 0 0 1 1 1 1 1 1 0 0]
 [0 1 1 1 1 1 1 0 0 0 1 0 0 1 1 0 0 1 0]
 [1 0 0 1 1 0 1 1 1 0 1 0 0 1 1 1 0 0 0]
 [1 1 1 0 1 0 1 1 0 0 1 1 1 0 0 0 1 0 0]
 [0 1 0 0 1 1 0 1 0 0 1 1 1 0 0 1 0 1 1]
 [0 1 0 1 0 0 1 0 1 1 1 0 1 0 1 0 1 1 1]
 [1 0 0 0 0 0 0 1 1 1 1 0 0 1 0 1 0 1 1]
 [0 0 1 1 1 0 0 1 0 1 0 1 0 0 1 1 1 0 0]
 [0 1 0 0 1 1 1 1 1 1 0 0 0 0 1 1 1 0 0]]

gen=5600, rew_max=-1.00000000, rew_surv=-1.00000000, rew_learn=-1.00000000, time=0.4945, act_rndness=0.0750
Best performing matrix:
[[0 0 1 1 1 1 0 1 1 1 1 0 1 1 0 0 1 0 0]
 [0 0 1 0 0 1 1 1 0 1 1 1 0 1 1 1 0 0 1]
 [1 1 0 0 0 1 1 1 1 1 0 1 0 1 0 0 0 1 0]
 [1 0 0 0 1 1 0 0 1 1 1 1 1 0 1 1 0 1 0]
 [1 0 0 1 0 0 1 0 0 1 0 1 1 1 1 0 0 1 1]
 [1 1 1 1 0 0 0 1 1 0 1 1 0 0 1 0 0 0 1]
 [0 1 1 0 1 0 0 0 1 1 0 1 1 1 0 1 0 0 1]
 [1 1 1 0 0 1 0 0 0 0 0 0 1 1 1 0 1 1 1]
 [1 0 1 1 0 1 1 0 0 0 1 0 1 0 0 1 1 0 1]
 [1 1 1 1 1 0 1 0 0 0 0 0 0 0 0 1 1 1 1]
 [1 1 0 1 0 1 0 0 1 0 0 1 1 1 1 1 1 0 0]
 [0 1 1 1 1 1 1 0 0 0 1 0 0 1 1 0 0 1 0]
 [1 0 0 1 1 0 1 1 1 0 1 0 0 1 1 1 0 0 0]
 [1 1 1 0 1 0 1 1 0 0 1 1 1 0 0 0 1 0 0]
 [0 1 0 1 1 1 0 1 0 0 1 1 1 0 0 1 0 1 1]
 [0 1 0 1 0 0 1 0 1 1 1 0 1 0 1 0 1 1 1]
 [1 0 0 0 0 0 0 1 1 1 1 0 0 1 0 1 0 1 1]
 [0 0 1 1 1 0 0 1 0 1 0 1 0 0 1 1 1 0 0]
 [0 1 0 0 1 1 1 1 1 1 0 0 0 0 1 1 1 0 0]]

gen=5800, rew_max=-1.00000000, rew_surv=-1.00000000, rew_learn=-1.00000000, time=0.4847, act_rndness=0.0750
Best performing matrix:
[[0 0 1 1 1 1 0 1 1 1 0 0 1 1 0 0 1 0 0]
 [0 0 1 0 0 1 1 1 0 1 1 1 0 1 1 1 0 0 1]
 [1 1 0 0 0 1 1 1 1 1 0 1 0 1 0 0 0 1 0]
 [1 0 0 0 1 1 0 0 1 1 1 1 1 0 1 1 0 1 0]
 [1 0 0 1 0 0 1 0 0 1 0 1 1 1 1 0 0 1 1]
 [1 1 1 1 0 0 0 1 1 0 1 1 0 0 1 0 0 0 1]
 [0 1 1 0 1 0 0 0 1 1 0 1 1 1 0 1 0 0 1]
 [1 1 1 0 0 1 0 0 0 0 0 0 1 1 1 0 1 1 1]
 [1 0 1 1 0 1 1 0 0 0 1 0 1 0 0 1 1 0 1]
 [1 1 1 1 1 0 1 0 0 0 0 0 0 0 0 1 1 1 1]
 [0 1 0 1 0 1 0 0 1 0 0 1 1 1 1 1 1 0 0]
 [0 1 1 1 1 1 1 0 0 0 1 0 0 1 1 0 0 1 0]
 [1 0 0 1 1 0 1 1 1 0 1 0 0 1 1 1 0 0 0]
 [1 1 1 0 1 0 1 1 0 0 1 1 1 0 0 0 1 0 0]
 [0 1 0 1 1 1 0 1 0 0 1 1 1 0 0 1 0 1 1]
 [0 1 0 1 0 0 1 0 1 1 1 0 1 0 1 0 1 1 1]
 [1 0 0 0 0 0 0 1 1 1 1 0 0 1 0 1 0 1 1]
 [0 0 1 1 1 0 0 1 0 1 0 1 0 0 1 1 1 0 0]
 [0 1 0 0 1 1 1 1 1 1 0 0 0 0 1 1 1 0 0]]

gen=6000, rew_max=-1.00000000, rew_surv=-1.00000000, rew_learn=-1.00000000, time=0.4894, act_rndness=0.0750
Best performing matrix:
[[0 0 1 1 1 1 0 1 1 1 1 0 1 1 0 0 1 0 0]
 [0 0 1 0 0 1 1 1 0 1 1 1 0 1 1 1 0 0 1]
 [1 1 0 0 0 1 1 1 1 1 0 1 0 1 0 0 0 1 0]
 [1 0 0 0 1 1 0 0 1 1 1 1 1 0 1 1 0 1 0]
 [1 0 0 1 0 0 1 0 0 1 0 1 1 1 1 0 0 1 1]
 [1 1 1 1 0 0 0 1 1 0 1 1 0 0 1 0 0 0 1]
 [0 1 1 0 1 0 0 0 1 1 0 1 1 1 0 1 0 0 1]
 [1 1 1 0 0 1 0 0 0 0 0 0 1 1 1 0 1 1 1]
 [1 0 1 1 0 1 1 0 0 0 1 0 1 0 0 1 1 0 1]
 [1 1 1 1 1 0 1 0 0 0 0 0 0 0 0 1 1 1 1]
 [1 1 0 1 0 1 0 0 1 0 0 1 1 1 1 1 1 0 0]
 [0 1 1 1 1 1 1 0 0 0 1 0 0 1 1 0 0 1 0]
 [1 0 0 1 1 0 1 1 1 0 1 0 0 1 1 1 0 0 0]
 [1 1 1 0 1 0 1 1 0 0 1 1 1 0 0 0 1 0 0]
 [0 1 0 1 1 1 0 1 0 0 1 1 1 0 0 1 0 1 1]
 [0 1 0 1 0 0 1 0 1 1 1 0 1 0 1 0 1 1 1]
 [1 0 0 0 0 0 0 1 1 1 1 0 0 1 0 1 0 1 1]
 [0 0 1 1 1 0 0 1 0 1 0 1 0 0 1 1 1 0 0]
 [0 1 0 0 1 1 1 1 1 1 0 0 0 0 1 1 1 0 0]]

gen=6200, rew_max=-1.00000000, rew_surv=-1.00000000, rew_learn=-1.00000000, time=0.4859, act_rndness=0.0750
Best performing matrix:
[[0 0 1 1 1 1 0 1 1 1 1 0 1 1 0 0 1 0 0]
 [0 0 1 0 0 1 1 1 0 1 1 1 0 1 1 1 0 0 1]
 [1 1 0 0 0 1 1 1 1 1 0 1 0 1 0 0 0 1 0]
 [1 0 0 0 1 1 0 0 1 1 1 1 1 0 1 1 0 1 0]
 [1 0 0 1 0 0 1 0 0 1 0 1 1 1 1 0 0 1 1]
 [1 1 1 1 0 0 0 1 1 0 1 1 0 0 1 0 0 0 1]
 [0 1 1 0 1 0 0 0 1 1 0 1 1 1 0 1 0 0 1]
 [1 1 1 0 0 1 0 0 0 0 0 0 1 1 1 0 1 1 1]
 [1 0 1 1 0 1 1 0 0 0 1 0 1 0 0 1 1 0 1]
 [1 1 1 1 1 0 1 0 0 0 0 0 0 0 0 1 1 1 1]
 [1 1 0 1 0 1 0 0 1 0 0 1 1 1 1 1 1 0 0]
 [0 1 1 1 1 1 1 0 0 0 1 0 0 1 1 0 0 1 0]
 [1 0 0 1 1 0 1 1 1 0 1 0 0 1 1 1 0 0 0]
 [1 1 1 0 1 0 1 1 0 0 1 1 1 0 0 0 1 0 0]
 [0 1 0 1 1 1 0 1 0 0 1 1 1 0 0 1 0 1 1]
 [0 1 0 1 0 0 1 0 1 1 1 0 1 0 1 0 1 1 1]
 [1 0 0 0 0 0 0 1 1 1 1 0 0 1 0 1 0 1 1]
 [0 0 1 1 1 0 0 1 0 1 0 1 0 0 1 1 1 0 0]
 [0 1 0 0 1 1 1 1 1 1 0 0 0 0 1 1 1 0 0]]

gen=6400, rew_max=-1.00000000, rew_surv=-1.00000000, rew_learn=-1.00000000, time=0.4836, act_rndness=0.0750
Best performing matrix:
[[0 0 1 1 1 1 0 1 1 1 0 0 1 1 0 0 1 0 0]
 [0 0 1 0 0 1 1 1 0 1 1 1 0 1 1 1 0 0 1]
 [1 1 0 0 0 1 1 1 1 1 0 1 0 1 0 0 0 1 0]
 [1 0 0 0 1 1 0 0 1 1 1 1 1 0 1 1 0 1 0]
 [1 0 0 1 0 0 1 0 0 1 0 1 1 1 1 0 0 1 1]
 [1 1 1 1 0 0 0 1 1 0 1 1 0 0 1 0 0 0 1]
 [0 1 1 0 1 0 0 0 1 1 0 1 1 1 0 1 0 0 1]
 [1 1 1 0 0 1 0 0 0 0 0 0 1 1 1 0 1 1 1]
 [1 0 1 1 0 1 1 0 0 0 1 0 1 0 0 1 1 0 1]
 [1 1 1 1 1 0 1 0 0 0 0 0 0 1 0 1 1 1 1]
 [0 1 0 1 0 1 0 0 1 0 0 1 1 1 1 1 1 0 0]
 [0 1 1 1 1 1 1 0 0 0 1 0 0 1 1 0 0 1 0]
 [1 0 0 1 1 0 1 1 1 0 1 0 0 1 1 1 0 0 0]
 [1 1 1 0 1 0 1 1 0 1 1 1 1 0 0 0 1 0 0]
 [0 1 0 1 1 1 0 1 0 0 1 1 1 0 0 1 0 1 1]
 [0 1 0 1 0 0 1 0 1 1 1 0 1 0 1 0 1 1 1]
 [1 0 0 0 0 0 0 1 1 1 1 0 0 1 0 1 0 1 1]
 [0 0 1 1 1 0 0 1 0 1 0 1 0 0 1 1 1 0 0]
 [0 1 0 0 1 1 1 1 1 1 0 0 0 0 1 1 1 0 0]]

gen=6600, rew_max=-1.00000000, rew_surv=-1.00000000, rew_learn=-1.00000000, time=0.4890, act_rndness=0.0750
Best performing matrix:
[[0 0 1 1 1 1 0 1 1 1 1 0 1 1 0 0 1 0 0]
 [0 0 1 0 0 1 1 1 0 1 1 1 0 1 1 1 0 0 1]
 [1 1 0 0 0 1 1 1 1 1 0 1 0 1 0 0 0 1 0]
 [1 0 0 0 1 1 0 0 1 1 1 1 1 0 0 1 0 1 0]
 [1 0 0 1 0 0 1 0 0 1 0 1 1 1 1 0 0 1 1]
 [1 1 1 1 0 0 0 1 1 0 1 1 0 0 1 0 0 0 1]
 [0 1 1 0 1 0 0 0 1 1 0 1 1 1 0 1 0 0 1]
 [1 1 1 0 0 1 0 0 0 0 0 0 1 1 1 0 1 1 1]
 [1 0 1 1 0 1 1 0 0 0 1 0 1 0 0 1 1 0 1]
 [1 1 1 1 1 0 1 0 0 0 0 0 0 0 0 1 1 1 1]
 [1 1 0 1 0 1 0 0 1 0 0 1 1 1 1 1 1 0 0]
 [0 1 1 1 1 1 1 0 0 0 1 0 0 1 1 0 0 1 0]
 [1 0 0 1 1 0 1 1 1 0 1 0 0 1 1 1 0 0 0]
 [1 1 1 0 1 0 1 1 0 0 1 1 1 0 0 0 1 0 0]
 [0 1 0 0 1 1 0 1 0 0 1 1 1 0 0 1 0 1 1]
 [0 1 0 1 0 0 1 0 1 1 1 0 1 0 1 0 1 1 1]
 [1 0 0 0 0 0 0 1 1 1 1 0 0 1 0 1 0 1 1]
 [0 0 1 1 1 0 0 1 0 1 0 1 0 0 1 1 1 0 0]
 [0 1 0 0 1 1 1 1 1 1 0 0 0 0 1 1 1 0 0]]

gen=6800, rew_max=-1.00000000, rew_surv=-1.00000000, rew_learn=-1.00000000, time=0.4907, act_rndness=0.0750
Best performing matrix:
[[0 0 1 1 1 1 0 1 1 1 0 0 1 1 0 0 1 0 0]
 [0 0 1 0 0 1 1 1 0 1 1 1 0 1 1 1 0 0 1]
 [1 1 0 0 0 1 1 1 1 1 0 1 0 1 0 0 0 1 0]
 [1 0 0 0 1 1 0 0 1 1 1 1 1 0 1 1 0 1 0]
 [1 0 0 1 0 0 1 0 0 1 0 1 1 1 1 0 0 1 1]
 [1 1 1 1 0 0 0 1 1 0 1 1 0 0 1 0 0 0 1]
 [0 1 1 0 1 0 0 0 1 1 0 1 1 1 0 1 0 0 1]
 [1 1 1 0 0 1 0 0 0 0 0 0 1 1 1 0 1 1 1]
 [1 0 1 1 0 1 1 0 0 0 1 0 1 0 0 1 1 0 1]
 [1 1 1 1 1 0 1 0 0 0 0 0 0 1 0 1 1 1 1]
 [0 1 0 1 0 1 0 0 1 0 0 1 1 1 1 1 1 0 0]
 [0 1 1 1 1 1 1 0 0 0 1 0 0 1 1 0 0 1 0]
 [1 0 0 1 1 0 1 1 1 0 1 0 0 1 1 1 0 0 0]
 [1 1 1 0 1 0 1 1 0 1 1 1 1 0 0 0 1 0 0]
 [0 1 0 1 1 1 0 1 0 0 1 1 1 0 0 1 0 1 1]
 [0 1 0 1 0 0 1 0 1 1 1 0 1 0 1 0 1 1 1]
 [1 0 0 0 0 0 0 1 1 1 1 0 0 1 0 1 0 1 1]
 [0 0 1 1 1 0 0 1 0 1 0 1 0 0 1 1 1 0 0]
 [0 1 0 0 1 1 1 1 1 1 0 0 0 0 1 1 1 0 0]]

gen=7000, rew_max=-1.00000000, rew_surv=-1.00000000, rew_learn=-1.00000000, time=0.4885, act_rndness=0.0750
Best performing matrix:
[[0 0 1 1 1 1 0 1 1 1 0 0 1 1 0 0 1 0 0]
 [0 0 1 0 0 1 1 1 0 1 1 1 0 1 1 1 0 0 1]
 [1 1 0 0 0 1 1 1 1 1 0 1 0 1 0 0 0 1 0]
 [1 0 0 0 1 1 0 0 1 1 1 1 1 0 1 1 0 1 0]
 [1 0 0 1 0 0 1 0 0 1 0 1 1 1 1 0 0 1 1]
 [1 1 1 1 0 0 0 1 1 0 1 1 0 0 1 0 0 0 1]
 [0 1 1 0 1 0 0 0 1 1 0 1 1 1 0 1 0 0 1]
 [1 1 1 0 0 1 0 0 0 0 0 0 1 1 1 0 1 1 1]
 [1 0 1 1 0 1 1 0 0 0 1 0 1 0 0 1 1 0 1]
 [1 1 1 1 1 0 1 0 0 0 0 0 0 0 0 1 1 1 1]
 [0 1 0 1 0 1 0 0 1 0 0 1 1 1 1 1 1 0 0]
 [0 1 1 1 1 1 1 0 0 0 1 0 0 1 1 0 0 1 0]
 [1 0 0 1 1 0 1 1 1 0 1 0 0 1 1 1 0 0 0]
 [1 1 1 0 1 0 1 1 0 0 1 1 1 0 0 0 1 0 0]
 [0 1 0 1 1 1 0 1 0 0 1 1 1 0 0 1 0 1 1]
 [0 1 0 1 0 0 1 0 1 1 1 0 1 0 1 0 1 1 1]
 [1 0 0 0 0 0 0 1 1 1 1 0 0 1 0 1 0 1 1]
 [0 0 1 1 1 0 0 1 0 1 0 1 0 0 1 1 1 0 0]
 [0 1 0 0 1 1 1 1 1 1 0 0 0 0 1 1 1 0 0]]

gen=7200, rew_max=-1.00000000, rew_surv=-1.00000000, rew_learn=-1.00000000, time=0.4991, act_rndness=0.0750
Best performing matrix:
[[0 0 1 1 1 1 0 1 1 1 0 0 1 1 0 0 1 0 0]
 [0 0 1 0 0 1 1 1 0 1 1 1 0 1 1 1 0 0 1]
 [1 1 0 0 0 1 1 1 1 1 0 1 0 1 0 0 0 1 0]
 [1 0 0 0 1 1 0 0 1 1 1 1 1 0 0 1 0 1 0]
 [1 0 0 1 0 0 1 0 0 1 0 1 1 1 1 0 0 1 1]
 [1 1 1 1 0 0 0 1 1 0 1 1 0 0 1 0 0 0 1]
 [0 1 1 0 1 0 0 0 1 1 0 1 1 1 0 1 0 0 1]
 [1 1 1 0 0 1 0 0 0 0 0 0 1 1 1 0 1 1 1]
 [1 0 1 1 0 1 1 0 0 1 1 0 1 0 0 1 1 0 1]
 [1 1 1 1 1 0 1 0 1 0 0 0 0 0 0 1 1 1 1]
 [0 1 0 1 0 1 0 0 1 0 0 1 1 1 1 1 1 0 0]
 [0 1 1 1 1 1 1 0 0 0 1 0 0 1 1 0 0 1 0]
 [1 0 0 1 1 0 1 1 1 0 1 0 0 1 1 1 0 0 0]
 [1 1 1 0 1 0 1 1 0 0 1 1 1 0 0 0 1 0 0]
 [0 1 0 0 1 1 0 1 0 0 1 1 1 0 0 1 0 1 1]
 [0 1 0 1 0 0 1 0 1 1 1 0 1 0 1 0 1 1 0]
 [1 0 0 0 0 0 0 1 1 1 1 0 0 1 0 1 0 1 1]
 [0 0 1 1 1 0 0 1 0 1 0 1 0 0 1 1 1 0 0]
 [0 1 0 0 1 1 1 1 1 1 0 0 0 0 1 0 1 0 0]]

gen=7400, rew_max=-1.00000000, rew_surv=-1.00000000, rew_learn=-1.00000000, time=0.4897, act_rndness=0.0750
Best performing matrix:
[[0 0 1 1 1 1 0 1 1 1 0 0 1 1 0 0 1 0 0]
 [0 0 1 0 0 1 1 1 0 1 1 1 0 1 1 1 0 0 1]
 [1 1 0 0 0 1 1 1 1 1 0 1 0 1 0 0 0 1 0]
 [1 0 0 0 1 1 0 0 1 1 1 1 1 0 0 1 0 1 0]
 [1 0 0 1 0 0 1 0 0 1 0 1 1 1 1 0 0 1 1]
 [1 1 1 1 0 0 0 1 1 0 1 1 0 0 1 0 0 0 1]
 [0 1 1 0 1 0 0 0 1 1 0 1 1 1 0 1 0 0 1]
 [1 1 1 0 0 1 0 0 0 0 0 0 1 1 1 0 1 1 1]
 [1 0 1 1 0 1 1 0 0 1 1 0 1 0 0 1 1 0 1]
 [1 1 1 1 1 0 1 0 1 0 0 0 0 0 0 1 1 1 1]
 [0 1 0 1 0 1 0 0 1 0 0 1 1 1 1 1 1 0 0]
 [0 1 1 1 1 1 1 0 0 0 1 0 0 1 1 0 0 1 0]
 [1 0 0 1 1 0 1 1 1 0 1 0 0 1 1 1 0 0 0]
 [1 1 1 0 1 0 1 1 0 0 1 1 1 0 0 0 1 0 0]
 [0 1 0 0 1 1 0 1 0 0 1 1 1 0 0 1 0 1 1]
 [0 1 0 1 0 0 1 0 1 1 1 0 1 0 1 0 1 1 1]
 [1 0 0 0 0 0 0 1 1 1 1 0 0 1 0 1 0 1 1]
 [0 0 1 1 1 0 0 1 0 1 0 1 0 0 1 1 1 0 0]
 [0 1 0 0 1 1 1 1 1 1 0 0 0 0 1 1 1 0 0]]

gen=7600, rew_max=-1.00000000, rew_surv=-1.00000000, rew_learn=-1.00000000, time=0.4924, act_rndness=0.0750
Best performing matrix:
[[0 0 1 1 1 1 0 1 1 1 0 0 1 1 0 0 1 0 0]
 [0 0 1 0 0 1 1 1 0 1 1 1 0 1 1 1 0 0 1]
 [1 1 0 0 0 1 1 1 1 1 0 1 0 1 0 0 0 1 0]
 [1 0 0 0 1 1 0 0 1 1 1 1 1 0 1 1 0 1 0]
 [1 0 0 1 0 0 1 0 0 1 0 1 1 1 1 0 0 1 1]
 [1 1 1 1 0 0 0 1 1 0 1 1 0 0 1 0 0 0 1]
 [0 1 1 0 1 0 0 0 1 1 0 1 1 1 0 1 0 0 1]
 [1 1 1 0 0 1 0 0 0 0 0 0 1 1 1 0 1 1 1]
 [1 0 1 1 0 1 1 0 0 0 1 0 1 0 0 1 1 0 1]
 [1 1 1 1 1 0 1 0 0 0 0 0 0 1 0 1 1 1 1]
 [0 1 0 1 0 1 0 0 1 0 0 1 1 1 1 1 1 0 0]
 [0 1 1 1 1 1 1 0 0 0 1 0 0 1 1 0 0 1 0]
 [1 0 0 1 1 0 1 1 1 0 1 0 0 1 1 1 0 0 0]
 [1 1 1 0 1 0 1 1 0 1 1 1 1 0 0 0 1 0 0]
 [0 1 0 1 1 1 0 1 0 0 1 1 1 0 0 1 0 1 1]
 [0 1 0 1 0 0 1 0 1 1 1 0 1 0 1 0 1 1 1]
 [1 0 0 0 0 0 0 1 1 1 1 0 0 1 0 1 0 1 1]
 [0 0 1 1 1 0 0 1 0 1 0 1 0 0 1 1 1 0 0]
 [0 1 0 0 1 1 1 1 1 1 0 0 0 0 1 1 1 0 0]]

gen=7800, rew_max=-1.00000000, rew_surv=-1.00000000, rew_learn=-1.00000000, time=0.4926, act_rndness=0.0750
Best performing matrix:
[[0 0 1 1 1 1 0 1 1 1 0 0 1 1 0 0 1 0 0]
 [0 0 1 0 0 1 1 1 0 1 1 1 0 1 1 1 0 0 1]
 [1 1 0 0 0 1 1 1 1 1 0 1 0 1 0 0 0 1 0]
 [1 0 0 0 1 1 0 0 1 1 1 1 1 0 0 1 0 1 0]
 [1 0 0 1 0 0 1 0 0 1 0 1 1 1 1 0 0 1 1]
 [1 1 1 1 0 0 0 1 1 0 1 1 0 0 1 0 0 0 1]
 [0 1 1 0 1 0 0 0 1 1 0 1 1 1 0 1 0 0 1]
 [1 1 1 0 0 1 0 0 0 0 0 0 1 1 1 0 1 1 1]
 [1 0 1 1 0 1 1 0 0 0 1 0 1 0 0 1 1 0 1]
 [1 1 1 1 1 0 1 0 0 0 0 0 0 0 0 1 1 1 1]
 [0 1 0 1 0 1 0 0 1 0 0 1 1 1 1 1 1 0 0]
 [0 1 1 1 1 1 1 0 0 0 1 0 0 1 1 0 0 1 0]
 [1 0 0 1 1 0 1 1 1 0 1 0 0 1 1 1 0 0 0]
 [1 1 1 0 1 0 1 1 0 0 1 1 1 0 0 0 1 0 0]
 [0 1 0 0 1 1 0 1 0 0 1 1 1 0 0 1 0 1 1]
 [0 1 0 1 0 0 1 0 1 1 1 0 1 0 1 0 1 1 1]
 [1 0 0 0 0 0 0 1 1 1 1 0 0 1 0 1 0 1 1]
 [0 0 1 1 1 0 0 1 0 1 0 1 0 0 1 1 1 0 0]
 [0 1 0 0 1 1 1 1 1 1 0 0 0 0 1 1 1 0 0]]

gen=8000, rew_max=-1.00000000, rew_surv=-1.00000000, rew_learn=-1.00000000, time=0.4898, act_rndness=0.0750
Best performing matrix:
[[0 0 1 1 1 1 0 1 1 1 1 0 1 1 0 0 1 0 0]
 [0 0 1 0 0 1 1 1 0 1 1 1 0 1 1 1 0 0 1]
 [1 1 0 0 0 1 1 1 1 1 0 1 0 1 0 0 0 1 0]
 [1 0 0 0 1 1 0 0 1 1 1 1 1 0 0 1 0 1 0]
 [1 0 0 1 0 0 1 0 0 1 0 1 1 1 1 0 0 1 1]
 [1 1 1 1 0 0 0 1 1 0 1 1 0 0 1 0 0 0 1]
 [0 1 1 0 1 0 0 0 1 1 0 1 1 1 0 1 0 0 1]
 [1 1 1 0 0 1 0 0 0 0 0 0 1 1 1 0 1 1 1]
 [1 0 1 1 0 1 1 0 0 0 1 0 1 0 0 1 1 0 1]
 [1 1 1 1 1 0 1 0 0 0 0 0 0 0 0 1 1 1 1]
 [1 1 0 1 0 1 0 0 1 0 0 1 1 1 1 1 1 0 0]
 [0 1 1 1 1 1 1 0 0 0 1 0 0 1 1 0 0 1 0]
 [1 0 0 1 1 0 1 1 1 0 1 0 0 1 1 1 0 0 0]
 [1 1 1 0 1 0 1 1 0 0 1 1 1 0 0 0 1 0 0]
 [0 1 0 0 1 1 0 1 0 0 1 1 1 0 0 1 0 1 1]
 [0 1 0 1 0 0 1 0 1 1 1 0 1 0 1 0 1 1 1]
 [1 0 0 0 0 0 0 1 1 1 1 0 0 1 0 1 0 1 1]
 [0 0 1 1 1 0 0 1 0 1 0 1 0 0 1 1 1 0 0]
 [0 1 0 0 1 1 1 1 1 1 0 0 0 0 1 1 1 0 0]]

gen=8200, rew_max=-1.00000000, rew_surv=-1.00000000, rew_learn=-1.00000000, time=0.4868, act_rndness=0.0750
Best performing matrix:
[[0 0 1 1 1 1 0 1 1 1 0 0 1 1 0 0 1 0 0]
 [0 0 1 0 0 1 1 1 0 1 1 1 0 1 1 1 0 0 1]
 [1 1 0 0 0 1 1 1 1 1 0 1 0 1 0 0 0 1 0]
 [1 0 0 0 1 1 0 0 1 1 1 1 1 0 0 1 0 1 0]
 [1 0 0 1 0 0 1 0 0 1 0 1 1 1 1 0 0 1 1]
 [1 1 1 1 0 0 0 1 1 0 1 1 0 0 1 0 0 0 1]
 [0 1 1 0 1 0 0 0 1 1 0 1 1 1 0 1 0 0 1]
 [1 1 1 0 0 1 0 0 0 0 0 0 1 1 1 0 1 1 1]
 [1 0 1 1 0 1 1 0 0 0 1 0 1 0 0 1 1 0 1]
 [1 1 1 1 1 0 1 0 0 0 0 0 0 0 0 1 1 1 1]
 [0 1 0 1 0 1 0 0 1 0 0 1 1 1 1 1 1 0 0]
 [0 1 1 1 1 1 1 0 0 0 1 0 0 1 1 0 0 1 0]
 [1 0 0 1 1 0 1 1 1 0 1 0 0 1 1 1 0 0 0]
 [1 1 1 0 1 0 1 1 0 0 1 1 1 0 0 0 1 0 0]
 [0 1 0 0 1 1 0 1 0 0 1 1 1 0 0 1 0 1 1]
 [0 1 0 1 0 0 1 0 1 1 1 0 1 0 1 0 1 1 1]
 [1 0 0 0 0 0 0 1 1 1 1 0 0 1 0 1 0 1 1]
 [0 0 1 1 1 0 0 1 0 1 0 1 0 0 1 1 1 0 0]
 [0 1 0 0 1 1 1 1 1 1 0 0 0 0 1 1 1 0 0]]

gen=8400, rew_max=-1.00000000, rew_surv=-1.00000000, rew_learn=-1.00000000, time=0.5044, act_rndness=0.0750
Best performing matrix:
[[0 0 1 1 1 1 0 1 1 1 1 0 1 1 0 0 1 0 0]
 [0 0 1 0 0 1 1 1 0 1 1 1 0 1 1 1 0 0 1]
 [1 1 0 0 0 1 1 1 1 1 0 1 0 1 0 0 0 1 0]
 [1 0 0 0 1 1 0 0 1 1 1 1 1 0 0 1 0 1 0]
 [1 0 0 1 0 0 1 0 0 1 0 1 1 1 1 0 0 1 1]
 [1 1 1 1 0 0 0 1 1 0 1 1 0 0 1 0 0 0 1]
 [0 1 1 0 1 0 0 0 1 1 0 1 1 1 0 1 0 0 1]
 [1 1 1 0 0 1 0 0 0 0 0 0 1 1 1 0 1 1 1]
 [1 0 1 1 0 1 1 0 0 0 1 0 1 0 0 1 1 0 1]
 [1 1 1 1 1 0 1 0 0 0 0 0 0 1 0 1 1 1 1]
 [1 1 0 1 0 1 0 0 1 0 0 1 1 1 1 1 1 0 0]
 [0 1 1 1 1 1 1 0 0 0 1 0 0 1 1 0 0 1 0]
 [1 0 0 1 1 0 1 1 1 0 1 0 0 1 1 1 0 0 0]
 [1 1 1 0 1 0 1 1 0 1 1 1 1 0 0 0 1 0 0]
 [0 1 0 0 1 1 0 1 0 0 1 1 1 0 0 1 0 1 1]
 [0 1 0 1 0 0 1 0 1 1 1 0 1 0 1 0 1 1 0]
 [1 0 0 0 0 0 0 1 1 1 1 0 0 1 0 1 0 1 1]
 [0 0 1 1 1 0 0 1 0 1 0 1 0 0 1 1 1 0 0]
 [0 1 0 0 1 1 1 1 1 1 0 0 0 0 1 0 1 0 0]]

gen=8600, rew_max=-1.00000000, rew_surv=-1.00000000, rew_learn=-1.00000000, time=0.4891, act_rndness=0.0750
Best performing matrix:
[[0 0 1 1 1 1 0 1 1 1 1 0 1 1 0 0 1 0 0]
 [0 0 1 0 0 1 1 1 0 1 1 1 0 1 1 1 0 0 1]
 [1 1 0 0 0 1 1 1 1 1 0 1 0 1 0 0 0 1 0]
 [1 0 0 0 1 1 0 0 1 1 1 1 1 0 0 1 0 1 0]
 [1 0 0 1 0 0 1 0 0 1 0 1 1 1 1 0 0 1 1]
 [1 1 1 1 0 0 0 1 1 0 1 1 0 0 1 0 0 0 1]
 [0 1 1 0 1 0 0 0 1 1 0 1 1 1 0 1 0 0 1]
 [1 1 1 0 0 1 0 0 0 0 0 0 1 1 1 0 1 1 1]
 [1 0 1 1 0 1 1 0 0 1 1 0 1 0 0 1 1 0 1]
 [1 1 1 1 1 0 1 0 1 0 0 0 0 0 0 1 1 1 1]
 [1 1 0 1 0 1 0 0 1 0 0 1 1 1 1 1 1 0 0]
 [0 1 1 1 1 1 1 0 0 0 1 0 0 1 1 0 0 1 0]
 [1 0 0 1 1 0 1 1 1 0 1 0 0 1 1 1 0 0 0]
 [1 1 1 0 1 0 1 1 0 0 1 1 1 0 0 0 1 0 0]
 [0 1 0 0 1 1 0 1 0 0 1 1 1 0 0 1 0 1 1]
 [0 1 0 1 0 0 1 0 1 1 1 0 1 0 1 0 1 1 0]
 [1 0 0 0 0 0 0 1 1 1 1 0 0 1 0 1 0 1 1]
 [0 0 1 1 1 0 0 1 0 1 0 1 0 0 1 1 1 0 0]
 [0 1 0 0 1 1 1 1 1 1 0 0 0 0 1 0 1 0 0]]

gen=8800, rew_max=-1.00000000, rew_surv=-1.00000000, rew_learn=-1.00000000, time=0.4842, act_rndness=0.0750
Best performing matrix:
[[0 0 1 1 1 1 0 1 1 1 0 0 1 1 0 0 1 0 0]
 [0 0 1 0 0 1 1 1 0 1 1 1 0 1 1 1 0 0 1]
 [1 1 0 0 0 1 1 1 1 1 0 1 0 0 0 0 0 1 0]
 [1 0 0 0 1 1 0 0 1 1 1 1 1 0 0 1 0 1 0]
 [1 0 0 1 0 0 1 0 0 1 0 1 1 1 1 0 0 1 1]
 [1 1 1 1 0 0 0 1 1 0 1 1 0 0 1 0 0 0 1]
 [0 1 1 0 1 0 0 0 1 1 0 1 1 1 0 1 0 0 1]
 [1 1 1 0 0 1 0 0 0 0 0 0 1 1 1 0 1 1 1]
 [1 0 1 1 0 1 1 0 0 0 1 0 1 0 0 1 1 0 1]
 [1 1 1 1 1 0 1 0 0 0 0 0 0 1 0 1 1 1 1]
 [0 1 0 1 0 1 0 0 1 0 0 1 1 1 1 1 1 0 0]
 [0 1 1 1 1 1 1 0 0 0 1 0 0 1 1 0 0 1 0]
 [1 0 0 1 1 0 1 1 1 0 1 0 0 1 1 1 0 0 0]
 [1 1 0 0 1 0 1 1 0 1 1 1 1 0 0 0 1 0 0]
 [0 1 0 0 1 1 0 1 0 0 1 1 1 0 0 1 0 1 1]
 [0 1 0 1 0 0 1 0 1 1 1 0 1 0 1 0 1 1 1]
 [1 0 0 0 0 0 0 1 1 1 1 0 0 1 0 1 0 1 1]
 [0 0 1 1 1 0 0 1 0 1 0 1 0 0 1 1 1 0 0]
 [0 1 0 0 1 1 1 1 1 1 0 0 0 0 1 1 1 0 0]]

gen=9000, rew_max=-1.00000000, rew_surv=-1.00000000, rew_learn=-1.00000000, time=0.4869, act_rndness=0.0750
Best performing matrix:
[[0 0 1 1 1 1 0 1 1 1 1 0 1 1 0 0 1 0 0]
 [0 0 1 0 0 1 1 1 0 1 1 1 0 1 1 1 0 0 1]
 [1 1 0 0 0 1 1 1 1 1 0 1 0 1 0 0 0 1 0]
 [1 0 0 0 1 1 0 0 1 1 1 1 1 0 0 1 0 1 0]
 [1 0 0 1 0 0 1 0 0 1 0 1 1 1 1 0 0 1 1]
 [1 1 1 1 0 0 0 1 1 0 1 1 0 0 1 0 0 0 1]
 [0 1 1 0 1 0 0 0 1 1 0 1 1 1 0 1 0 0 1]
 [1 1 1 0 0 1 0 0 0 0 0 0 1 1 1 0 1 1 1]
 [1 0 1 1 0 1 1 0 0 0 1 0 1 0 0 1 1 0 1]
 [1 1 1 1 1 0 1 0 0 0 0 0 0 1 0 1 1 1 1]
 [1 1 0 1 0 1 0 0 1 0 0 1 1 1 1 1 1 0 0]
 [0 1 1 1 1 1 1 0 0 0 1 0 0 1 1 0 0 1 0]
 [1 0 0 1 1 0 1 1 1 0 1 0 0 1 1 1 0 0 0]
 [1 1 1 0 1 0 1 1 0 1 1 1 1 0 0 0 1 0 0]
 [0 1 0 0 1 1 0 1 0 0 1 1 1 0 0 1 0 1 1]
 [0 1 0 1 0 0 1 0 1 1 1 0 1 0 1 0 1 1 1]
 [1 0 0 0 0 0 0 1 1 1 1 0 0 1 0 1 0 1 1]
 [0 0 1 1 1 0 0 1 0 1 0 1 0 0 1 1 1 0 0]
 [0 1 0 0 1 1 1 1 1 1 0 0 0 0 1 1 1 0 0]]

gen=9200, rew_max=-1.00000000, rew_surv=-1.00000000, rew_learn=-1.00000000, time=0.4860, act_rndness=0.0750
Best performing matrix:
[[0 0 1 1 1 1 0 1 1 1 1 0 1 1 0 0 1 0 0]
 [0 0 1 0 0 1 1 1 0 1 1 1 0 1 1 1 0 0 1]
 [1 1 0 0 0 1 1 1 1 1 0 1 0 1 0 0 0 1 0]
 [1 0 0 0 1 1 0 0 1 1 1 1 1 0 0 1 0 1 0]
 [1 0 0 1 0 0 1 0 0 1 0 1 1 1 1 0 0 1 1]
 [1 1 1 1 0 0 0 1 1 0 1 1 0 0 1 0 0 0 1]
 [0 1 1 0 1 0 0 0 1 1 0 1 1 1 0 1 0 0 1]
 [1 1 1 0 0 1 0 0 0 0 0 0 1 1 1 0 1 1 1]
 [1 0 1 1 0 1 1 0 0 0 1 0 1 0 0 1 1 0 1]
 [1 1 1 1 1 0 1 0 0 0 0 0 0 1 0 1 1 1 1]
 [1 1 0 1 0 1 0 0 1 0 0 1 1 1 1 1 1 0 0]
 [0 1 1 1 1 1 1 0 0 0 1 0 0 1 1 0 0 1 0]
 [1 0 0 1 1 0 1 1 1 0 1 0 0 1 1 1 0 0 0]
 [1 1 1 0 1 0 1 1 0 1 1 1 1 0 0 0 1 0 0]
 [0 1 0 0 1 1 0 1 0 0 1 1 1 0 0 1 0 1 1]
 [0 1 0 1 0 0 1 0 1 1 1 0 1 0 1 0 1 1 0]
 [1 0 0 0 0 0 0 1 1 1 1 0 0 1 0 1 0 1 1]
 [0 0 1 1 1 0 0 1 0 1 0 1 0 0 1 1 1 0 0]
 [0 1 0 0 1 1 1 1 1 1 0 0 0 0 1 0 1 0 0]]

gen=9400, rew_max=0.00000000, rew_surv=0.00000000, rew_learn=0.00000000, time=0.4831, act_rndness=0.0278
Best performing matrix:
[[0 0 1 1 1 1 0 0 1 1 1 0 1 1 0 0 1 0 0]
 [0 0 1 0 0 1 1 1 0 1 1 1 0 1 1 1 0 0 1]
 [1 1 0 0 0 1 1 1 1 1 0 1 0 1 0 0 0 1 0]
 [1 0 0 0 1 1 0 0 1 1 1 1 1 0 1 1 0 1 0]
 [1 0 0 1 0 0 1 0 0 1 0 1 1 1 1 0 0 1 1]
 [1 1 1 1 0 0 0 1 1 0 1 1 0 0 1 0 0 0 1]
 [0 1 1 0 1 0 0 0 1 1 0 1 1 1 0 1 0 0 1]
 [0 1 1 0 0 1 0 0 1 0 0 0 1 1 1 0 1 1 1]
 [1 0 1 1 0 1 1 1 0 0 0 0 1 0 0 1 1 0 1]
 [1 1 1 1 1 0 1 0 0 0 0 0 0 1 0 1 1 1 1]
 [1 1 0 1 0 1 0 0 0 0 0 1 1 1 1 1 1 0 0]
 [0 1 1 1 1 1 1 0 0 0 1 0 0 1 1 0 0 1 0]
 [1 0 0 1 1 0 1 1 1 0 1 0 0 1 1 1 0 0 0]
 [1 1 1 0 1 0 1 1 0 1 1 1 1 0 0 0 1 0 0]
 [0 1 0 1 1 1 0 1 0 0 1 1 1 0 0 1 0 1 1]
 [0 1 0 1 0 0 1 0 1 1 1 0 1 0 1 0 1 1 1]
 [1 0 0 0 0 0 0 1 1 1 1 0 0 1 0 1 0 1 1]
 [0 0 1 1 1 0 0 1 0 1 0 1 0 0 1 1 1 0 0]
 [0 1 0 0 1 1 1 1 1 1 0 0 0 0 1 1 1 0 0]]

gen=9600, rew_max=0.00000000, rew_surv=0.00000000, rew_learn=0.00000000, time=0.4869, act_rndness=0.0750
Best performing matrix:
[[0 0 1 1 1 1 0 0 1 1 1 0 1 1 0 0 1 0 0]
 [0 0 1 0 0 1 1 1 0 1 1 1 0 1 1 1 0 0 1]
 [1 1 0 0 0 1 1 1 1 1 0 1 0 1 0 0 0 1 0]
 [1 0 0 0 1 1 0 0 1 1 1 1 1 0 1 1 0 1 0]
 [1 0 0 1 0 0 1 0 0 1 0 1 1 1 1 0 0 1 1]
 [1 1 1 1 0 0 0 1 1 0 1 1 0 0 1 0 0 0 1]
 [0 1 1 0 1 0 0 0 1 1 0 1 1 1 0 1 0 0 1]
 [0 1 1 0 0 1 0 0 1 0 0 0 1 1 1 0 1 1 1]
 [1 0 1 1 0 1 1 1 0 0 0 0 1 0 0 1 1 0 1]
 [1 1 1 1 1 0 1 0 0 0 0 0 0 1 0 1 1 1 1]
 [1 1 0 1 0 1 0 0 0 0 0 1 1 1 1 1 1 0 0]
 [0 1 1 1 1 1 1 0 0 0 1 0 0 1 1 0 0 1 0]
 [1 0 0 1 1 0 1 1 1 0 1 0 0 1 1 1 0 0 0]
 [1 1 1 0 1 0 1 1 0 1 1 1 1 0 0 0 1 0 0]
 [0 1 0 1 1 1 0 1 0 0 1 1 1 0 0 1 0 1 1]
 [0 1 0 1 0 0 1 0 1 1 1 0 1 0 1 0 1 1 1]
 [1 0 0 0 0 0 0 1 1 1 1 0 0 1 0 1 0 1 1]
 [0 0 1 1 1 0 0 1 0 1 0 1 0 0 1 1 1 0 0]
 [0 1 0 0 1 1 1 1 1 1 0 0 0 0 1 1 1 0 0]]

gen=9800, rew_max=0.00000000, rew_surv=0.00000000, rew_learn=0.00000000, time=0.4827, act_rndness=0.0750
Best performing matrix:
[[0 0 1 1 1 1 0 0 1 1 1 0 1 1 0 0 1 0 0]
 [0 0 1 0 0 1 1 1 0 1 1 1 0 1 1 1 0 0 1]
 [1 1 0 0 0 1 1 1 1 1 0 1 0 1 0 0 0 1 0]
 [1 0 0 0 1 1 0 0 1 1 1 1 1 0 1 1 0 1 0]
 [1 0 0 1 0 0 1 0 0 1 0 1 1 1 1 0 0 1 1]
 [1 1 1 1 0 0 0 1 1 0 1 1 0 0 1 0 0 0 1]
 [0 1 1 0 1 0 0 0 1 1 0 1 1 1 0 1 0 0 1]
 [0 1 1 0 0 1 0 0 1 0 0 0 1 1 1 0 1 1 1]
 [1 0 1 1 0 1 1 1 0 0 0 0 1 0 0 1 1 0 1]
 [1 1 1 1 1 0 1 0 0 0 0 0 0 1 0 1 1 1 1]
 [1 1 0 1 0 1 0 0 0 0 0 1 1 1 1 1 1 0 0]
 [0 1 1 1 1 1 1 0 0 0 1 0 0 1 1 0 0 1 0]
 [1 0 0 1 1 0 1 1 1 0 1 0 0 1 1 1 0 0 0]
 [1 1 1 0 1 0 1 1 0 1 1 1 1 0 0 0 1 0 0]
 [0 1 0 1 1 1 0 1 0 0 1 1 1 0 0 1 0 1 1]
 [0 1 0 1 0 0 1 0 1 1 1 0 1 0 1 0 1 1 1]
 [1 0 0 0 0 0 0 1 1 1 1 0 0 1 0 1 0 1 1]
 [0 0 1 1 1 0 0 1 0 1 0 1 0 0 1 1 1 0 0]
 [0 1 0 0 1 1 1 1 1 1 0 0 0 0 1 1 1 0 0]]

gen=10000, rew_max=0.00000000, rew_surv=0.00000000, rew_learn=0.00000000, time=0.4866, act_rndness=0.0750
Best performing matrix:
[[0 0 1 1 1 1 0 0 1 1 1 0 1 1 0 0 1 0 0]
 [0 0 1 0 0 1 1 1 0 1 1 1 0 1 1 1 0 0 1]
 [1 1 0 0 0 1 1 1 1 1 0 1 0 1 0 0 0 1 0]
 [1 0 0 0 1 1 0 0 1 1 1 1 1 0 1 1 0 1 0]
 [1 0 0 1 0 0 1 0 0 1 0 1 1 1 1 0 0 1 1]
 [1 1 1 1 0 0 0 1 1 0 1 1 0 0 1 0 0 0 1]
 [0 1 1 0 1 0 0 0 1 1 0 1 1 1 0 1 0 0 1]
 [0 1 1 0 0 1 0 0 1 0 0 0 1 1 1 0 1 1 1]
 [1 0 1 1 0 1 1 1 0 0 0 0 1 0 0 1 1 0 1]
 [1 1 1 1 1 0 1 0 0 0 0 0 0 1 0 1 1 1 1]
 [1 1 0 1 0 1 0 0 0 0 0 1 1 1 1 1 1 0 0]
 [0 1 1 1 1 1 1 0 0 0 1 0 0 1 1 0 0 1 0]
 [1 0 0 1 1 0 1 1 1 0 1 0 0 1 1 1 0 0 0]
 [1 1 1 0 1 0 1 1 0 1 1 1 1 0 0 0 1 0 0]
 [0 1 0 1 1 1 0 1 0 0 1 1 1 0 0 1 0 1 1]
 [0 1 0 1 0 0 1 0 1 1 1 0 1 0 1 0 1 1 1]
 [1 0 0 0 0 0 0 1 1 1 1 0 0 1 0 1 0 1 1]
 [0 0 1 1 1 0 0 1 0 1 0 1 0 0 1 1 1 0 0]
 [0 1 0 0 1 1 1 1 1 1 0 0 0 0 1 1 1 0 0]]

gen=10200, rew_max=0.00000000, rew_surv=0.00000000, rew_learn=0.00000000, time=0.4849, act_rndness=0.0750
Best performing matrix:
[[0 0 1 1 1 1 0 0 1 1 1 0 1 1 0 0 1 0 0]
 [0 0 1 0 0 1 1 1 0 1 1 1 0 1 1 1 0 0 1]
 [1 1 0 0 0 1 1 1 1 1 0 1 0 1 0 0 0 1 0]
 [1 0 0 0 1 1 0 0 1 1 1 1 1 0 1 1 0 1 0]
 [1 0 0 1 0 0 1 0 0 1 0 1 1 1 1 0 0 1 1]
 [1 1 1 1 0 0 0 1 1 0 1 1 0 0 1 0 0 0 1]
 [0 1 1 0 1 0 0 0 1 1 0 1 1 1 0 1 0 0 1]
 [0 1 1 0 0 1 0 0 1 0 0 0 1 1 1 0 1 1 1]
 [1 0 1 1 0 1 1 1 0 0 0 0 1 0 0 1 1 0 1]
 [1 1 1 1 1 0 1 0 0 0 0 0 0 1 0 1 1 1 1]
 [1 1 0 1 0 1 0 0 0 0 0 1 1 1 1 1 1 0 0]
 [0 1 1 1 1 1 1 0 0 0 1 0 0 1 1 0 0 1 0]
 [1 0 0 1 1 0 1 1 1 0 1 0 0 1 1 1 0 0 0]
 [1 1 1 0 1 0 1 1 0 1 1 1 1 0 0 0 1 0 0]
 [0 1 0 1 1 1 0 1 0 0 1 1 1 0 0 1 0 1 1]
 [0 1 0 1 0 0 1 0 1 1 1 0 1 0 1 0 1 1 1]
 [1 0 0 0 0 0 0 1 1 1 1 0 0 1 0 1 0 1 1]
 [0 0 1 1 1 0 0 1 0 1 0 1 0 0 1 1 1 0 0]
 [0 1 0 0 1 1 1 1 1 1 0 0 0 0 1 1 1 0 0]]

gen=10400, rew_max=0.00000000, rew_surv=0.00000000, rew_learn=0.00000000, time=0.4847, act_rndness=0.0750
Best performing matrix:
[[0 0 1 1 1 1 0 0 1 1 1 0 1 1 0 0 1 0 0]
 [0 0 1 0 0 1 1 1 0 1 1 1 0 1 1 1 0 0 1]
 [1 1 0 0 0 1 1 1 1 1 0 1 0 1 0 0 0 1 0]
 [1 0 0 0 1 1 0 0 1 1 1 1 1 0 1 1 0 1 0]
 [1 0 0 1 0 0 1 0 0 1 0 1 1 1 1 0 0 1 1]
 [1 1 1 1 0 0 0 1 1 0 1 1 0 0 1 0 0 0 1]
 [0 1 1 0 1 0 0 0 1 1 0 1 1 1 0 1 0 0 1]
 [0 1 1 0 0 1 0 0 1 0 0 0 1 1 1 0 1 1 1]
 [1 0 1 1 0 1 1 1 0 0 0 0 1 0 0 1 1 0 1]
 [1 1 1 1 1 0 1 0 0 0 0 0 0 1 0 1 1 1 1]
 [1 1 0 1 0 1 0 0 0 0 0 1 1 1 1 1 1 0 0]
 [0 1 1 1 1 1 1 0 0 0 1 0 0 1 1 0 0 1 0]
 [1 0 0 1 1 0 1 1 1 0 1 0 0 1 1 1 0 0 0]
 [1 1 1 0 1 0 1 1 0 1 1 1 1 0 0 0 1 0 0]
 [0 1 0 1 1 1 0 1 0 0 1 1 1 0 0 1 0 1 1]
 [0 1 0 1 0 0 1 0 1 1 1 0 1 0 1 0 1 1 1]
 [1 0 0 0 0 0 0 1 1 1 1 0 0 1 0 1 0 1 1]
 [0 0 1 1 1 0 0 1 0 1 0 1 0 0 1 1 1 0 0]
 [0 1 0 0 1 1 1 1 1 1 0 0 0 0 1 1 1 0 0]]

gen=10600, rew_max=0.00000000, rew_surv=0.00000000, rew_learn=0.00000000, time=0.4890, act_rndness=0.0750
Best performing matrix:
[[0 0 1 1 1 1 0 0 1 1 1 0 1 1 0 0 1 0 0]
 [0 0 1 0 0 1 1 1 0 1 1 1 0 1 1 1 0 0 1]
 [1 1 0 0 0 1 1 1 1 1 0 1 0 1 0 0 0 1 0]
 [1 0 0 0 1 1 0 0 1 1 1 1 1 0 1 1 0 1 0]
 [1 0 0 1 0 0 1 0 0 1 0 1 1 1 1 0 0 1 1]
 [1 1 1 1 0 0 0 1 1 0 1 1 0 0 1 0 0 0 1]
 [0 1 1 0 1 0 0 0 1 1 0 1 1 1 0 1 0 0 1]
 [0 1 1 0 0 1 0 0 1 0 0 0 1 1 1 0 1 1 1]
 [1 0 1 1 0 1 1 1 0 0 0 0 1 0 0 1 1 0 1]
 [1 1 1 1 1 0 1 0 0 0 0 0 0 1 0 1 1 1 1]
 [1 1 0 1 0 1 0 0 0 0 0 1 1 1 1 1 1 0 0]
 [0 1 1 1 1 1 1 0 0 0 1 0 0 1 1 0 0 1 0]
 [1 0 0 1 1 0 1 1 1 0 1 0 0 1 1 1 0 0 0]
 [1 1 1 0 1 0 1 1 0 1 1 1 1 0 0 0 1 0 0]
 [0 1 0 1 1 1 0 1 0 0 1 1 1 0 0 1 0 1 1]
 [0 1 0 1 0 0 1 0 1 1 1 0 1 0 1 0 1 1 1]
 [1 0 0 0 0 0 0 1 1 1 1 0 0 1 0 1 0 1 1]
 [0 0 1 1 1 0 0 1 0 1 0 1 0 0 1 1 1 0 0]
 [0 1 0 0 1 1 1 1 1 1 0 0 0 0 1 1 1 0 0]]

gen=10800, rew_max=0.00000000, rew_surv=0.00000000, rew_learn=0.00000000, time=0.4858, act_rndness=0.0750
Best performing matrix:
[[0 0 1 1 1 1 0 0 1 1 1 0 1 1 0 0 1 0 0]
 [0 0 1 0 0 1 1 1 0 1 1 1 0 1 1 1 0 0 1]
 [1 1 0 0 0 1 1 1 1 1 0 1 0 1 0 0 0 1 0]
 [1 0 0 0 1 1 0 0 1 1 1 1 1 0 1 1 0 1 0]
 [1 0 0 1 0 0 1 0 0 1 0 1 1 1 1 0 0 1 1]
 [1 1 1 1 0 0 0 1 1 0 1 1 0 0 1 0 0 0 1]
 [0 1 1 0 1 0 0 0 1 1 0 1 1 1 0 1 0 0 1]
 [0 1 1 0 0 1 0 0 1 0 0 0 1 1 1 0 1 1 1]
 [1 0 1 1 0 1 1 1 0 0 0 0 1 0 0 1 1 0 1]
 [1 1 1 1 1 0 1 0 0 0 0 0 0 1 0 1 1 1 1]
 [1 1 0 1 0 1 0 0 0 0 0 1 1 1 1 1 1 0 0]
 [0 1 1 1 1 1 1 0 0 0 1 0 0 1 1 0 0 1 0]
 [1 0 0 1 1 0 1 1 1 0 1 0 0 1 1 1 0 0 0]
 [1 1 1 0 1 0 1 1 0 1 1 1 1 0 0 0 1 0 0]
 [0 1 0 1 1 1 0 1 0 0 1 1 1 0 0 1 0 1 1]
 [0 1 0 1 0 0 1 0 1 1 1 0 1 0 1 0 1 1 1]
 [1 0 0 0 0 0 0 1 1 1 1 0 0 1 0 1 0 1 1]
 [0 0 1 1 1 0 0 1 0 1 0 1 0 0 1 1 1 0 0]
 [0 1 0 0 1 1 1 1 1 1 0 0 0 0 1 1 1 0 0]]

