gen=0, rew_max=-66.00000000, rew_surv=-100.62500000, rew_learn=-154.90000000, time=0.2812, act_rndness=0.0050
Best performing matrix:
[[0 1 0 1 0 0 0 1 1 1 1 1 0]
 [1 0 0 1 1 0 0 1 1 1 0 0 0]
 [0 0 0 1 1 0 1 1 0 0 0 1 0]
 [1 1 1 0 0 1 1 0 0 0 0 0 0]
 [0 1 1 0 0 1 0 0 0 0 1 1 1]
 [0 0 0 1 1 0 1 0 1 0 0 1 0]
 [0 0 1 1 0 1 0 1 0 1 1 0 0]
 [1 1 1 0 0 0 1 0 0 1 0 0 1]
 [1 1 0 0 0 1 0 0 0 0 0 0 0]
 [1 1 0 0 0 0 1 1 0 0 1 0 0]
 [1 0 0 0 1 0 1 0 0 1 0 1 1]
 [1 0 1 0 1 1 0 0 0 0 1 0 1]
 [0 0 0 0 1 0 0 1 0 0 1 1 0]]

gen=200, rew_max=-6.00000000, rew_surv=-8.00000000, rew_learn=-9.00000000, time=0.1338, act_rndness=0.0050
Best performing matrix:
[[0 1 1 0 1 0 0 0 1 0 1 1 0]
 [1 0 0 0 0 0 0 1 0 1 1 1 1]
 [1 0 0 0 1 1 0 0 1 0 0 1 1]
 [0 0 0 0 1 1 0 1 0 1 1 1 0]
 [1 0 1 1 0 0 1 0 0 1 0 0 0]
 [0 0 1 1 0 0 1 0 0 0 1 0 1]
 [0 0 0 0 1 1 0 1 1 1 1 0 0]
 [0 1 0 1 0 0 1 0 1 0 1 0 1]
 [1 0 1 0 0 0 1 1 0 0 0 1 1]
 [0 1 0 1 1 0 1 0 0 0 0 1 1]
 [1 1 0 1 0 1 1 1 0 0 0 0 0]
 [1 1 1 1 0 0 0 0 1 1 0 0 0]
 [0 1 1 0 0 1 0 1 1 1 0 0 0]]

gen=400, rew_max=-3.00000000, rew_surv=-3.00000000, rew_learn=-3.00000000, time=0.1391, act_rndness=0.0306
Best performing matrix:
[[0 1 1 0 1 0 0 0 1 0 1 1 0]
 [1 0 0 0 0 0 0 1 0 1 1 1 1]
 [1 0 0 0 1 1 1 0 0 0 0 1 1]
 [0 0 0 0 1 1 0 0 1 1 1 1 0]
 [1 0 1 1 0 0 1 0 0 1 1 0 0]
 [0 0 1 1 0 0 1 0 0 0 1 0 1]
 [0 0 1 0 1 1 0 1 1 0 0 0 0]
 [0 1 0 0 0 0 1 0 1 1 1 0 1]
 [1 0 0 1 0 0 1 1 0 0 0 1 1]
 [0 1 0 1 1 0 0 1 0 0 0 1 1]
 [1 1 0 1 1 1 0 1 0 0 0 0 0]
 [1 1 1 1 0 0 0 0 1 1 0 0 0]
 [0 1 1 0 0 1 0 1 1 1 0 0 0]]

gen=600, rew_max=-3.00000000, rew_surv=-3.00000000, rew_learn=-3.00000000, time=0.1409, act_rndness=0.1000
Best performing matrix:
[[0 1 1 0 1 0 0 0 1 0 1 1 0]
 [1 0 0 0 0 0 0 1 0 1 1 1 1]
 [1 0 0 0 1 1 1 0 0 0 0 1 1]
 [0 0 0 0 1 1 0 0 0 1 1 1 0]
 [1 0 1 1 0 0 1 0 0 1 1 0 0]
 [0 0 1 1 0 0 1 0 0 0 1 0 1]
 [0 0 1 0 1 1 0 1 1 0 0 0 0]
 [0 1 0 0 0 0 1 0 1 1 1 0 1]
 [1 0 0 0 0 0 1 1 0 0 0 1 1]
 [0 1 0 1 1 0 0 1 0 0 0 1 1]
 [1 1 0 1 1 1 0 1 0 0 0 0 0]
 [1 1 1 1 0 0 0 0 1 1 0 0 0]
 [0 1 1 0 0 1 0 1 1 1 0 0 0]]

gen=800, rew_max=-3.00000000, rew_surv=-3.00000000, rew_learn=-3.00000000, time=0.1789, act_rndness=0.1000
Best performing matrix:
[[0 1 1 0 1 0 0 0 1 0 1 1 0]
 [1 0 0 0 0 0 0 1 0 1 1 1 1]
 [1 0 0 0 1 1 1 0 0 0 0 1 1]
 [0 0 0 0 1 1 0 0 0 1 1 1 0]
 [1 0 1 1 0 0 1 0 0 1 1 0 0]
 [0 0 1 1 0 0 1 0 0 0 1 0 1]
 [0 0 1 0 1 1 0 1 1 0 0 0 0]
 [0 1 0 0 0 0 1 0 1 1 1 0 1]
 [1 0 0 0 0 0 1 1 0 0 0 1 1]
 [0 1 0 1 1 0 0 1 0 0 0 1 1]
 [1 1 0 1 1 1 0 1 0 0 0 0 0]
 [1 1 1 1 0 0 0 0 1 1 0 0 0]
 [0 1 1 0 0 1 0 1 1 1 0 0 0]]

gen=1000, rew_max=-3.00000000, rew_surv=-3.00000000, rew_learn=-3.00000000, time=0.1410, act_rndness=0.1000
Best performing matrix:
[[0 1 1 0 1 0 0 0 1 0 1 1 0]
 [1 0 0 0 0 0 0 1 0 1 1 1 1]
 [1 0 0 0 1 1 1 0 0 1 0 0 1]
 [0 0 0 0 1 1 0 0 0 1 1 1 0]
 [1 0 1 1 0 0 1 0 0 1 1 0 0]
 [0 0 1 1 0 0 1 0 0 0 1 0 1]
 [0 0 1 0 1 1 0 1 1 0 0 0 0]
 [0 1 0 0 0 0 1 0 1 1 1 0 1]
 [1 0 0 0 0 0 1 1 0 0 0 1 1]
 [0 1 1 1 1 0 0 1 0 0 0 1 1]
 [1 1 0 1 1 1 0 1 0 0 0 0 0]
 [1 1 0 1 0 0 0 0 1 1 0 0 0]
 [0 1 1 0 0 1 0 1 1 1 0 0 0]]

gen=1200, rew_max=0.00000000, rew_surv=0.00000000, rew_learn=0.00000000, time=0.1414, act_rndness=0.0230
Best performing matrix:
[[0 1 1 0 1 0 0 0 1 0 1 1 0]
 [1 0 0 0 0 1 1 1 0 1 1 1 0]
 [1 0 0 0 1 1 1 0 0 0 0 1 1]
 [0 0 0 0 1 1 0 0 1 1 1 1 0]
 [1 0 1 1 0 0 1 0 0 1 1 0 0]
 [0 1 1 1 0 0 1 0 0 0 1 0 1]
 [0 1 1 0 1 1 0 1 1 0 0 0 0]
 [0 1 0 0 0 0 1 0 1 1 0 0 1]
 [1 0 0 1 0 0 1 1 0 0 0 1 1]
 [0 1 0 1 1 0 0 1 0 0 0 1 1]
 [1 1 0 1 1 1 0 0 0 0 0 0 1]
 [1 1 1 1 0 0 0 0 1 1 0 0 0]
 [0 0 1 0 0 1 0 1 1 1 1 0 0]]

gen=1400, rew_max=0.00000000, rew_surv=0.00000000, rew_learn=0.00000000, time=0.3303, act_rndness=0.1000
Best performing matrix:
[[0 1 1 0 1 0 0 0 1 0 1 1 0]
 [1 0 0 0 0 1 1 1 0 1 1 1 0]
 [1 0 0 0 1 1 1 0 0 1 0 0 1]
 [0 0 0 0 1 1 0 0 1 1 1 1 0]
 [1 0 1 1 0 0 1 0 0 1 1 0 0]
 [0 1 1 1 0 0 1 0 0 0 1 0 1]
 [0 1 1 0 1 1 0 1 1 0 0 0 0]
 [0 1 0 0 0 0 1 0 1 1 0 0 1]
 [1 0 0 1 0 0 1 1 0 0 0 1 1]
 [0 1 1 1 1 0 0 1 0 0 0 1 1]
 [1 1 0 1 1 1 0 0 0 0 0 0 1]
 [1 1 0 1 0 0 0 0 1 1 0 0 0]
 [0 0 1 0 0 1 0 1 1 1 1 0 0]]

gen=1600, rew_max=0.00000000, rew_surv=0.00000000, rew_learn=0.00000000, time=0.1614, act_rndness=0.1000
Best performing matrix:
[[0 1 1 0 1 0 0 0 1 0 1 1 0]
 [1 0 0 0 0 1 1 1 0 1 1 1 0]
 [1 0 0 0 1 1 1 0 0 1 0 0 1]
 [0 0 0 0 1 1 0 0 1 1 1 1 0]
 [1 0 1 1 0 0 1 0 0 1 1 0 0]
 [0 1 1 1 0 0 1 0 0 0 1 0 1]
 [0 1 1 0 1 1 0 1 1 0 0 0 0]
 [0 1 0 0 0 0 1 0 1 1 0 0 1]
 [1 0 0 1 0 0 1 1 0 0 0 1 1]
 [0 1 1 1 1 0 0 1 0 0 0 1 1]
 [1 1 0 1 1 1 0 0 0 0 0 0 1]
 [1 1 0 1 0 0 0 0 1 1 0 0 0]
 [0 0 1 0 0 1 0 1 1 1 1 0 0]]

gen=1800, rew_max=0.00000000, rew_surv=0.00000000, rew_learn=0.00000000, time=0.1464, act_rndness=0.1000
Best performing matrix:
[[0 1 1 0 1 0 0 0 1 0 1 1 0]
 [1 0 0 0 0 1 1 1 0 1 1 1 0]
 [1 0 0 0 1 1 1 0 0 1 0 0 1]
 [0 0 0 0 1 1 0 0 1 1 1 1 0]
 [1 0 1 1 0 0 1 0 0 1 1 0 0]
 [0 1 1 1 0 0 1 0 0 0 1 0 1]
 [0 1 1 0 1 1 0 1 1 0 0 0 0]
 [0 1 0 0 0 0 1 0 1 1 0 0 1]
 [1 0 0 1 0 0 1 1 0 0 0 1 1]
 [0 1 1 1 1 0 0 1 0 0 0 1 1]
 [1 1 0 1 1 1 0 0 0 0 0 0 1]
 [1 1 0 1 0 0 0 0 1 1 0 0 0]
 [0 0 1 0 0 1 0 1 1 1 1 0 0]]

gen=2000, rew_max=0.00000000, rew_surv=0.00000000, rew_learn=0.00000000, time=0.1428, act_rndness=0.1000
Best performing matrix:
[[0 1 1 0 1 0 0 0 1 0 1 1 0]
 [1 0 0 0 0 1 1 1 0 1 1 1 0]
 [1 0 0 0 1 1 1 0 0 1 0 0 1]
 [0 0 0 0 1 1 0 0 1 1 1 1 0]
 [1 0 1 1 0 0 1 0 0 1 1 0 0]
 [0 1 1 1 0 0 1 0 0 0 1 0 1]
 [0 1 1 0 1 1 0 1 1 0 0 0 0]
 [0 1 0 0 0 0 1 0 1 1 0 0 1]
 [1 0 0 1 0 0 1 1 0 0 0 1 1]
 [0 1 1 1 1 0 0 1 0 0 0 1 1]
 [1 1 0 1 1 1 0 0 0 0 0 0 1]
 [1 1 0 1 0 0 0 0 1 1 0 0 0]
 [0 0 1 0 0 1 0 1 1 1 1 0 0]]

Another non-isomorphic graph with the zero reward:
0 1 1 0 0 0 0 1 0 1 0 1 1
1 0 1 0 1 0 0 0 1 0 1 1 0
1 1 0 1 0 0 1 0 0 0 1 0 1
0 0 1 0 1 0 1 0 0 0 1 1 1
0 1 0 1 0 1 0 1 0 0 0 1 1
0 0 0 0 1 0 1 1 1 0 0 0 1
0 0 1 1 0 1 0 1 1 0 0 1 0
1 0 0 0 1 1 1 0 0 1 1 0 0
0 1 0 0 0 1 1 0 0 1 1 0 1
1 0 0 0 0 0 0 1 1 0 1 1 1
0 1 1 1 0 0 0 1 1 1 0 0 0
1 1 0 1 1 0 1 0 0 1 0 0 0
1 0 1 1 1 1 0 0 1 1 0 0 0

