gen=0, rew_max=-83.00000000, rew_surv=-182.75000000, rew_learn=-296.60000000, time=0.4706, act_rndness=0.0050
Best performing matrix:
[[0 0 0 1 1 1 1 0 1 0 1 0 0 1 1 0]
 [0 0 1 1 1 1 0 0 1 1 1 0 1 1 0 0]
 [0 1 0 0 0 1 0 1 1 1 1 1 0 1 0 0]
 [1 1 0 0 1 1 1 0 1 0 0 0 1 1 0 1]
 [1 1 0 1 0 1 0 0 0 1 0 1 1 0 0 1]
 [1 1 1 1 1 0 1 0 1 1 0 1 0 0 1 1]
 [1 0 0 1 0 1 0 1 1 0 0 0 0 1 0 1]
 [0 0 1 0 0 0 1 0 0 1 0 0 1 1 1 1]
 [1 1 1 1 0 1 1 0 0 0 1 0 0 1 0 1]
 [0 1 1 0 1 1 0 1 0 0 1 0 0 1 1 1]
 [1 1 1 0 0 0 0 0 1 1 0 0 0 0 1 0]
 [0 0 1 0 1 1 0 0 0 0 0 0 1 0 0 0]
 [0 1 0 1 1 0 0 1 0 0 0 1 0 1 1 1]
 [1 1 1 1 0 0 1 1 1 1 0 0 1 0 1 0]
 [1 0 0 0 0 1 0 1 0 1 1 0 1 1 0 1]
 [0 0 0 1 1 1 1 1 1 1 0 0 1 0 1 0]]

gen=200, rew_max=-23.00000000, rew_surv=-25.00000000, rew_learn=-59.20000000, time=0.2038, act_rndness=0.0173
Best performing matrix:
[[0 1 0 1 1 0 0 1 0 0 1 1 1 0 1 0]
 [1 0 0 1 0 1 1 0 1 1 0 1 1 0 0 1]
 [0 0 0 1 0 1 1 1 1 0 0 1 1 1 1 1]
 [1 1 1 0 1 0 1 1 0 0 0 0 1 0 1 0]
 [1 0 0 1 0 1 1 1 0 0 1 1 0 1 1 1]
 [0 1 1 0 1 0 0 1 1 1 0 1 0 1 1 0]
 [0 1 1 1 1 0 0 1 0 1 1 0 1 0 0 1]
 [1 0 1 1 1 1 1 0 1 1 1 0 0 1 0 0]
 [0 1 1 0 0 1 0 1 0 1 0 1 1 0 0 0]
 [0 1 0 0 0 1 1 1 1 0 1 0 0 1 0 1]
 [1 0 0 0 1 0 1 1 0 1 0 1 1 1 0 1]
 [1 1 1 0 1 1 0 0 1 0 1 0 0 1 0 0]
 [1 1 1 1 0 0 1 0 1 0 1 0 0 0 1 1]
 [0 0 1 0 1 1 0 1 0 1 1 1 0 0 1 0]
 [1 0 1 1 1 1 0 0 0 0 0 0 1 1 0 1]
 [0 1 1 0 1 0 1 0 0 1 1 0 1 0 1 0]]

gen=400, rew_max=0.00000000, rew_surv=0.00000000, rew_learn=0.00000000, time=0.2153, act_rndness=0.0081
Best performing matrix:
[[0 1 1 1 1 0 1 1 0 0 1 1 0 1 0 0]
 [1 0 0 0 1 1 1 1 1 1 0 1 1 0 0 0]
 [1 0 0 1 1 0 1 0 0 0 0 1 1 1 0 1]
 [1 0 1 0 0 0 0 1 1 0 1 1 1 1 1 0]
 [1 1 1 0 0 0 1 0 1 1 1 0 1 0 0 1]
 [0 1 0 0 0 0 1 1 1 1 0 1 0 1 1 1]
 [1 1 1 0 1 1 0 1 1 0 1 0 0 0 1 0]
 [1 1 0 1 0 1 1 0 0 1 1 0 1 0 1 1]
 [0 1 0 1 1 1 1 0 0 0 1 1 1 0 1 1]
 [0 1 0 0 1 1 0 1 0 0 1 1 1 1 0 1]
 [1 0 0 1 1 0 1 1 1 1 0 0 0 1 1 0]
 [1 1 1 1 0 1 0 0 1 1 0 0 1 1 0 0]
 [0 1 1 1 1 0 0 1 1 1 0 1 0 0 0 1]
 [1 0 1 1 0 1 0 0 0 1 1 1 0 0 1 1]
 [0 0 0 1 0 1 1 1 1 0 1 0 0 1 0 1]
 [0 0 1 0 1 1 0 1 1 1 0 0 1 1 1 0]]

gen=600, rew_max=0.00000000, rew_surv=0.00000000, rew_learn=0.00000000, time=0.2188, act_rndness=0.0542
Best performing matrix:
[[0 1 1 1 1 0 1 1 0 0 1 1 0 1 0 0]
 [1 0 0 0 1 1 1 1 1 1 0 1 1 0 0 0]
 [1 0 0 1 1 0 1 0 0 0 0 1 1 1 0 1]
 [1 0 1 0 0 0 0 1 1 0 1 1 1 1 1 0]
 [1 1 1 0 0 0 1 0 1 1 1 0 1 0 0 1]
 [0 1 0 0 0 0 1 1 1 1 0 1 0 1 1 1]
 [1 1 1 0 1 1 0 1 1 0 1 0 0 0 1 0]
 [1 1 0 1 0 1 1 0 0 1 1 0 1 0 1 1]
 [0 1 0 1 1 1 1 0 0 0 1 1 1 0 1 1]
 [0 1 0 0 1 1 0 1 0 0 1 1 1 1 0 1]
 [1 0 0 1 1 0 1 1 1 1 0 0 0 1 1 0]
 [1 1 1 1 0 1 0 0 1 1 0 0 1 1 0 0]
 [0 1 1 1 1 0 0 1 1 1 0 1 0 0 0 1]
 [1 0 1 1 0 1 0 0 0 1 1 1 0 0 1 1]
 [0 0 0 1 0 1 1 1 1 0 1 0 0 1 0 1]
 [0 0 1 0 1 1 0 1 1 1 0 0 1 1 1 0]]

gen=800, rew_max=0.00000000, rew_surv=0.00000000, rew_learn=0.00000000, time=0.2203, act_rndness=0.1000
Best performing matrix:
[[0 1 1 1 1 0 1 1 0 0 1 1 0 1 0 0]
 [1 0 0 0 1 1 1 1 1 1 0 1 1 0 0 0]
 [1 0 0 1 1 0 1 0 0 0 0 1 1 1 0 1]
 [1 0 1 0 0 0 0 1 1 0 1 1 1 1 1 0]
 [1 1 1 0 0 0 1 0 1 1 1 0 1 0 0 1]
 [0 1 0 0 0 0 1 1 1 1 0 1 0 1 1 1]
 [1 1 1 0 1 1 0 1 1 0 1 0 0 0 1 0]
 [1 1 0 1 0 1 1 0 0 1 1 0 1 0 1 1]
 [0 1 0 1 1 1 1 0 0 0 1 1 1 0 1 1]
 [0 1 0 0 1 1 0 1 0 0 1 1 1 1 0 1]
 [1 0 0 1 1 0 1 1 1 1 0 0 0 1 1 0]
 [1 1 1 1 0 1 0 0 1 1 0 0 1 1 0 0]
 [0 1 1 1 1 0 0 1 1 1 0 1 0 0 0 1]
 [1 0 1 1 0 1 0 0 0 1 1 1 0 0 1 1]
 [0 0 0 1 0 1 1 1 1 0 1 0 0 1 0 1]
 [0 0 1 0 1 1 0 1 1 1 0 0 1 1 1 0]]

gen=1000, rew_max=0.00000000, rew_surv=0.00000000, rew_learn=0.00000000, time=0.2123, act_rndness=0.1000
Best performing matrix:
[[0 1 1 1 1 0 1 1 0 0 1 1 0 1 0 0]
 [1 0 0 0 1 1 1 1 1 1 0 1 1 0 0 0]
 [1 0 0 1 1 0 1 0 0 0 0 1 1 1 0 1]
 [1 0 1 0 0 0 0 1 1 0 1 1 1 1 1 0]
 [1 1 1 0 0 0 1 0 1 1 1 0 1 0 0 1]
 [0 1 0 0 0 0 1 1 1 1 0 1 0 1 1 1]
 [1 1 1 0 1 1 0 1 1 0 1 0 0 0 1 0]
 [1 1 0 1 0 1 1 0 0 1 1 0 1 0 1 1]
 [0 1 0 1 1 1 1 0 0 0 1 1 1 0 1 1]
 [0 1 0 0 1 1 0 1 0 0 1 1 1 1 0 1]
 [1 0 0 1 1 0 1 1 1 1 0 0 0 1 1 0]
 [1 1 1 1 0 1 0 0 1 1 0 0 1 1 0 0]
 [0 1 1 1 1 0 0 1 1 1 0 1 0 0 0 1]
 [1 0 1 1 0 1 0 0 0 1 1 1 0 0 1 1]
 [0 0 0 1 0 1 1 1 1 0 1 0 0 1 0 1]
 [0 0 1 0 1 1 0 1 1 1 0 0 1 1 1 0]]

gen=1200, rew_max=0.00000000, rew_surv=0.00000000, rew_learn=0.00000000, time=0.2136, act_rndness=0.1000
Best performing matrix:
[[0 1 1 1 1 0 1 1 0 0 1 1 0 1 0 0]
 [1 0 0 0 1 1 1 1 1 1 0 1 1 0 0 0]
 [1 0 0 1 1 0 1 0 0 0 0 1 1 1 0 1]
 [1 0 1 0 0 0 0 1 1 0 1 1 1 1 1 0]
 [1 1 1 0 0 0 1 0 1 1 1 0 1 1 0 1]
 [0 1 0 0 0 0 1 1 1 1 0 1 0 1 1 1]
 [1 1 1 0 1 1 0 1 1 0 1 0 0 0 1 0]
 [1 1 0 1 0 1 1 0 0 1 1 0 1 0 1 1]
 [0 1 0 1 1 1 1 0 0 0 1 1 1 0 1 0]
 [0 1 0 0 1 1 0 1 0 0 1 1 1 1 0 1]
 [1 0 0 1 1 0 1 1 1 1 0 0 0 1 1 0]
 [1 1 1 1 0 1 0 0 1 1 0 0 1 1 0 0]
 [0 1 1 1 1 0 0 1 1 1 0 1 0 0 0 1]
 [1 0 1 1 1 1 0 0 0 1 1 1 0 0 1 1]
 [0 0 0 1 0 1 1 1 1 0 1 0 0 1 0 1]
 [0 0 1 0 1 1 0 1 0 1 0 0 1 1 1 0]]

gen=1400, rew_max=0.00000000, rew_surv=0.00000000, rew_learn=0.00000000, time=0.2143, act_rndness=0.1000
Best performing matrix:
[[0 1 1 1 1 0 1 1 0 0 1 1 0 1 0 0]
 [1 0 0 0 1 1 1 1 1 1 0 1 1 0 0 0]
 [1 0 0 1 0 0 1 0 0 0 0 1 1 1 1 1]
 [1 0 1 0 0 0 0 1 1 0 1 1 1 1 1 0]
 [1 1 0 0 0 0 1 0 1 1 1 0 1 1 0 1]
 [0 1 0 0 0 0 1 1 1 1 0 1 0 1 1 1]
 [1 1 1 0 1 1 0 1 1 0 0 0 0 0 1 1]
 [1 1 0 1 0 1 1 0 0 1 1 0 1 0 1 1]
 [0 1 0 1 1 1 1 0 0 0 1 1 1 0 1 0]
 [0 1 0 0 1 1 0 1 0 0 1 1 1 1 0 1]
 [1 0 0 1 1 0 0 1 1 1 0 0 0 1 1 0]
 [1 1 1 1 0 1 0 0 1 1 0 0 1 0 0 0]
 [0 1 1 1 1 0 0 1 1 1 0 1 0 0 0 1]
 [1 0 1 1 1 1 0 0 0 1 1 0 0 0 1 1]
 [0 0 1 1 0 1 1 1 1 0 1 0 0 1 0 1]
 [0 0 1 0 1 1 1 1 0 1 0 0 1 1 1 0]]

gen=1600, rew_max=0.00000000, rew_surv=0.00000000, rew_learn=0.00000000, time=0.2132, act_rndness=0.1000
Best performing matrix:
[[0 1 1 1 1 0 1 1 0 0 1 1 0 1 0 0]
 [1 0 0 0 1 1 1 1 1 1 0 1 1 0 0 0]
 [1 0 0 1 1 0 0 0 0 0 0 1 1 1 1 1]
 [1 0 1 0 0 0 0 1 1 0 1 1 1 1 1 0]
 [1 1 1 0 0 0 1 0 1 1 1 0 1 1 0 1]
 [0 1 0 0 0 0 1 1 1 1 0 1 0 1 1 1]
 [1 1 0 0 1 1 0 1 1 0 1 0 0 0 1 0]
 [1 1 0 1 0 1 1 0 0 1 1 0 1 0 1 1]
 [0 1 0 1 1 1 1 0 0 0 1 1 1 0 1 0]
 [0 1 0 0 1 1 0 1 0 0 1 1 1 1 0 1]
 [1 0 0 1 1 0 1 1 1 1 0 0 0 1 1 0]
 [1 1 1 1 0 1 0 0 1 1 0 0 1 0 0 0]
 [0 1 1 1 1 0 0 1 1 1 0 1 0 0 0 1]
 [1 0 1 1 1 1 0 0 0 1 1 0 0 0 1 1]
 [0 0 1 1 0 1 1 1 1 0 1 0 0 1 0 1]
 [0 0 1 0 1 1 0 1 0 1 0 0 1 1 1 0]]

gen=1800, rew_max=0.00000000, rew_surv=0.00000000, rew_learn=0.00000000, time=0.2130, act_rndness=0.1000
Best performing matrix:
[[0 1 1 1 1 0 1 1 0 0 1 1 0 1 0 0]
 [1 0 0 0 0 1 1 1 1 1 0 1 1 0 0 0]
 [1 0 0 1 1 0 1 0 0 0 0 1 1 1 0 1]
 [1 0 1 0 0 0 0 1 1 0 1 1 1 1 1 0]
 [1 0 1 0 0 0 1 0 1 1 1 0 1 1 0 1]
 [0 1 0 0 0 0 1 0 1 1 0 1 0 1 1 1]
 [1 1 1 0 1 1 0 1 1 0 0 0 0 0 1 1]
 [1 1 0 1 0 0 1 0 0 1 1 0 1 0 1 1]
 [0 1 0 1 1 1 1 0 0 0 1 1 1 0 1 0]
 [0 1 0 0 1 1 0 1 0 0 1 1 1 1 0 1]
 [1 0 0 1 1 0 0 1 1 1 0 0 0 1 1 0]
 [1 1 1 1 0 1 0 0 1 1 0 0 1 1 0 0]
 [0 1 1 1 1 0 0 1 1 1 0 1 0 0 0 1]
 [1 0 1 1 1 1 0 0 0 1 1 1 0 0 1 1]
 [0 0 0 1 0 1 1 1 1 0 1 0 0 1 0 1]
 [0 0 1 0 1 1 1 1 0 1 0 0 1 1 1 0]]

gen=2000, rew_max=0.00000000, rew_surv=0.00000000, rew_learn=0.00000000, time=0.2131, act_rndness=0.1000
Best performing matrix:
[[0 1 1 1 1 0 1 1 0 0 1 1 0 1 0 0]
 [1 0 0 0 1 1 1 1 1 1 0 1 1 0 0 0]
 [1 0 0 1 1 0 1 0 0 0 0 1 1 1 0 1]
 [1 0 1 0 0 0 0 1 1 0 1 1 1 1 1 0]
 [1 1 1 0 0 0 1 0 1 1 1 0 1 0 0 1]
 [0 1 0 0 0 0 1 1 1 1 0 1 0 1 1 1]
 [1 1 1 0 1 1 0 1 1 0 0 0 0 0 1 1]
 [1 1 0 1 0 1 1 0 0 1 1 0 1 0 1 1]
 [0 1 0 1 1 1 1 0 0 0 1 1 1 0 1 0]
 [0 1 0 0 1 1 0 1 0 0 1 1 1 1 0 1]
 [1 0 0 1 1 0 0 1 1 1 0 0 0 1 1 0]
 [1 1 1 1 0 1 0 0 1 1 0 0 1 1 0 0]
 [0 1 1 1 1 0 0 1 1 1 0 1 0 0 0 1]
 [1 0 1 1 0 1 0 0 0 1 1 1 0 0 1 1]
 [0 0 0 1 0 1 1 1 1 0 1 0 0 1 0 1]
 [0 0 1 0 1 1 1 1 0 1 0 0 1 1 1 0]]

gen=2200, rew_max=0.00000000, rew_surv=0.00000000, rew_learn=0.00000000, time=0.2329, act_rndness=0.1000
Best performing matrix:
[[0 1 1 1 1 0 1 1 0 0 1 1 0 1 0 1]
 [1 0 0 0 1 1 1 1 1 1 0 1 1 0 0 0]
 [1 0 0 1 1 0 0 0 0 0 0 1 1 1 1 1]
 [1 0 1 0 0 0 0 1 1 0 1 1 1 1 1 0]
 [1 1 1 0 0 0 1 0 1 0 1 0 1 0 0 1]
 [0 1 0 0 0 0 1 1 1 1 0 1 0 1 1 1]
 [1 1 0 0 1 1 0 1 1 0 1 0 0 0 1 0]
 [1 1 0 1 0 1 1 0 0 1 1 0 1 0 1 1]
 [0 1 0 1 1 1 1 0 0 0 1 1 1 0 1 0]
 [0 1 0 0 0 1 0 1 0 0 1 1 1 1 0 1]
 [1 0 0 1 1 0 1 1 1 1 0 0 0 1 1 0]
 [1 1 1 1 0 1 0 0 1 1 0 0 1 1 0 0]
 [0 1 1 1 1 0 0 1 1 1 0 1 0 0 0 1]
 [1 0 1 1 0 1 0 0 0 1 1 1 0 0 1 1]
 [0 0 1 1 0 1 1 1 1 0 1 0 0 1 0 1]
 [1 0 1 0 1 1 0 1 0 1 0 0 1 1 1 0]]

gen=2400, rew_max=0.00000000, rew_surv=0.00000000, rew_learn=0.00000000, time=0.2179, act_rndness=0.1000
Best performing matrix:
[[0 1 1 1 1 0 1 1 0 0 1 1 0 1 0 0]
 [1 0 0 0 0 1 1 1 1 1 0 1 1 0 0 0]
 [1 0 0 1 1 0 1 0 0 0 0 1 1 1 0 1]
 [1 0 1 0 0 0 0 1 1 0 1 1 1 1 1 0]
 [1 0 1 0 0 0 1 0 1 1 1 0 1 1 0 1]
 [0 1 0 0 0 0 1 0 1 1 0 1 0 1 1 1]
 [1 1 1 0 1 1 0 0 1 0 1 0 0 0 1 0]
 [1 1 0 1 0 0 0 0 0 1 1 0 1 0 1 1]
 [0 1 0 1 1 1 1 0 0 0 1 1 1 0 1 0]
 [0 1 0 0 1 1 0 1 0 0 1 1 1 1 0 1]
 [1 0 0 1 1 0 1 1 1 1 0 0 0 1 1 0]
 [1 1 1 1 0 1 0 0 1 1 0 0 1 1 0 0]
 [0 1 1 1 1 0 0 1 1 1 0 1 0 0 1 1]
 [1 0 1 1 1 1 0 0 0 1 1 1 0 0 1 1]
 [0 0 0 1 0 1 1 1 1 0 1 0 1 1 0 1]
 [0 0 1 0 1 1 0 1 0 1 0 0 1 1 1 0]]

gen=2600, rew_max=0.00000000, rew_surv=0.00000000, rew_learn=0.00000000, time=0.2141, act_rndness=0.1000
Best performing matrix:
[[0 1 1 1 1 0 1 1 0 0 1 1 0 1 0 0]
 [1 0 0 0 0 1 1 1 1 1 1 1 1 0 0 0]
 [1 0 0 1 1 0 1 0 0 0 0 1 1 1 0 1]
 [1 0 1 0 0 0 0 1 1 0 1 1 1 1 1 0]
 [1 0 1 0 0 0 1 0 1 1 1 0 1 1 0 1]
 [0 1 0 0 0 0 1 0 1 1 0 1 0 1 1 1]
 [1 1 1 0 1 1 0 1 1 0 0 0 0 0 1 1]
 [1 1 0 1 0 0 1 0 0 1 1 0 1 0 1 1]
 [0 1 0 1 1 1 1 0 0 0 1 1 1 0 1 0]
 [0 1 0 0 1 1 0 1 0 0 1 1 1 1 0 1]
 [1 1 0 1 1 0 0 1 1 1 0 0 0 1 1 0]
 [1 1 1 1 0 1 0 0 1 1 0 0 1 1 0 0]
 [0 1 1 1 1 0 0 1 1 1 0 1 0 0 0 1]
 [1 0 1 1 1 1 0 0 0 1 1 1 0 0 1 1]
 [0 0 0 1 0 1 1 1 1 0 1 0 0 1 0 1]
 [0 0 1 0 1 1 1 1 0 1 0 0 1 1 1 0]]

gen=2800, rew_max=0.00000000, rew_surv=0.00000000, rew_learn=0.00000000, time=0.2123, act_rndness=0.1000
Best performing matrix:
[[0 1 1 1 1 0 1 1 0 0 1 1 0 1 0 0]
 [1 0 0 0 0 1 1 1 1 1 0 1 1 0 0 0]
 [1 0 0 1 1 0 0 0 0 0 0 1 1 1 1 1]
 [1 0 1 0 0 0 0 1 1 0 1 1 1 1 1 0]
 [1 0 1 0 0 0 1 0 1 1 1 0 1 1 0 1]
 [0 1 0 0 0 0 1 1 1 1 0 1 0 1 1 1]
 [1 1 0 0 1 1 0 1 1 0 1 0 0 0 1 0]
 [1 1 0 1 0 1 1 0 0 1 1 0 1 0 1 1]
 [0 1 0 1 1 1 1 0 0 0 1 1 1 0 1 0]
 [0 1 0 0 1 1 0 1 0 0 1 1 1 1 0 1]
 [1 0 0 1 1 0 1 1 1 1 0 0 0 1 1 0]
 [1 1 1 1 0 1 0 0 1 1 0 0 1 1 0 0]
 [0 1 1 1 1 0 0 1 1 1 0 1 0 0 0 1]
 [1 0 1 1 1 1 0 0 0 1 1 1 0 0 0 1]
 [0 0 1 1 0 1 1 1 1 0 1 0 0 0 0 1]
 [0 0 1 0 1 1 0 1 0 1 0 0 1 1 1 0]]

gen=3000, rew_max=0.00000000, rew_surv=0.00000000, rew_learn=0.00000000, time=0.2140, act_rndness=0.1000
Best performing matrix:
[[0 1 1 1 1 0 1 1 0 0 1 1 0 1 0 0]
 [1 0 0 0 1 1 1 1 1 1 0 1 1 0 0 0]
 [1 0 0 1 1 0 1 0 0 0 0 1 1 1 1 1]
 [1 0 1 0 0 0 0 0 1 0 1 1 1 1 1 0]
 [1 1 1 0 0 0 1 0 1 1 1 0 1 1 0 1]
 [0 1 0 0 0 0 1 1 1 1 0 1 0 1 1 1]
 [1 1 1 0 1 1 0 1 1 0 1 0 0 0 1 0]
 [1 1 0 0 0 1 1 0 0 1 1 0 1 0 1 1]
 [0 1 0 1 1 1 1 0 0 0 1 1 1 0 1 0]
 [0 1 0 0 1 1 0 1 0 0 1 1 1 1 0 1]
 [1 0 0 1 1 0 1 1 1 1 0 0 0 1 1 0]
 [1 1 1 1 0 1 0 0 1 1 0 0 1 0 0 0]
 [0 1 1 1 1 0 0 1 1 1 0 1 0 0 0 1]
 [1 0 1 1 1 1 0 0 0 1 1 0 0 0 1 1]
 [0 0 1 1 0 1 1 1 1 0 1 0 0 1 0 1]
 [0 0 1 0 1 1 0 1 0 1 0 0 1 1 1 0]]

